TimeSinceStartup,Lhand_xPos,Lhand_yPos,Lhand_zPos,Lhand_wQuat,Lhand_xQuat,Lhand_yQuat,Lhand_zQuat,Lhandxrot,Lhandyrot,Lhandzrot,Rhand_xPos,Rhand_yPos,Rhand_zPos,Rhand_wQuat,Rhand_xQuat,Rhand_yQuat,Rhand_zQuat,Rhandxrot,Rhandyrot,Rhandzrot,HMD_xPos,HMD_yPos,HMD_zPos,HMD_wQuat,HMD_xQuat,HMD_yQuat,HMD_zQuat,HMDxrot,HMDyrot,HMDzrot,vrtracker_xPos,vrtracker_yPos,vrtracker_zPos,vrtracker_wQuat,vrtracker_xQuat,vrtracker_yQuat,vrtracker_zQuat,vrtracker_xrot,vrtracker_yrot,vrtracker_zrot,rtracker_xPos,rtracker_yPos,rtracker_zPos,rtracker_wQuat,rtracker_xQuat,rtracker_yQuat,rtracker_zQuat,rtracker_xrot,rtracker_yrot,rtracker_zrot
0,1.25,1,-1.64,0,0,1,0,0,180,0,0.75,1,-1.64,0,0,1,0,0,180,0,1.356647,0.828939,-2.503481,0.1972598,-0.004478269,0.9797003,0.03543874,355.9168,157.2211,0.2990742,1,0,-1.64,0,0,1,0,0,180,0,1,0,-1.64,0,0,1,0,0,180,0
0,1.25,1,-1.64,0,0,1,0,0,180,0,0.75,1,-1.64,0,0,1,0,0,180,0,1.356535,0.8293179,-2.503821,0.1973933,-0.004264377,0.9796717,0.03551263,355.9134,157.2045,0.3253826,1.939177,0.781041,-2.225127,0.1094346,-0.1374426,0.6914513,0.7007344,272.391,278.2816,241.6068,1.85018,0.7821456,-2.274575,0.1436404,-0.1497295,0.6829521,0.7003749,271.4954,328.7623,187.2904
0.02,1.25,1,-1.64,0,0,1,0,0,180,0,0.75,1,-1.64,0,0,1,0,0,180,0,1.352253,0.8275638,-2.505854,0.1969386,-0.006135596,0.9797819,0.0347153,355.9605,157.2664,0.09480058,1.93966,0.781276,-2.225072,0.1094261,-0.1375381,0.6914557,0.7007127,272.3983,278.1667,241.7146,1.850127,0.7823757,-2.274524,0.1438178,-0.1495705,0.6828374,0.7004844,271.5036,329.9701,186.0811
0.0507642,1,0,-1.64,0,0,1,0,0,180,0,1.561195,0.8506224,-2.455396,-0.01912267,-0.1278802,0.9853252,0.1114242,347.6028,183.8855,344.7883,1.354148,0.8279237,-2.504493,0.1965139,-0.006403871,0.9798788,0.03433436,355.9973,157.3177,0.05423792,1.939488,0.7812005,-2.225058,0.1094778,-0.1375915,0.69145,0.7006997,272.3983,278.1481,241.7246,1.850205,0.7822928,-2.274572,0.1438596,-0.1495806,0.6828753,0.7004366,271.4966,329.9794,186.0676
0.0768689,1,0,-1.64,0,0,1,0,0,180,0,1.562027,0.8510522,-2.454954,-0.01911493,-0.1279485,0.9853112,0.1114702,347.5977,183.8862,344.78,1.354889,0.8283379,-2.50427,0.196235,-0.006857277,0.9799469,0.03389453,356.0365,157.3528,359.9921,1.940079,0.7817534,-2.224829,0.1098203,-0.1375696,0.6914336,0.7006666,272.3698,278.327,241.5193,1.850108,0.7822898,-2.27465,0.1439287,-0.149538,0.6828448,0.7004612,271.498,330.3603,185.6844
0.092672,1,0,-1.64,0,0,1,0,0,180,0,1.560613,0.8507529,-2.455253,-0.01915409,-0.1280264,0.9852713,0.1117271,347.5693,183.896,344.7685,1.354616,0.8284737,-2.504611,0.1964791,-0.006721115,0.9798924,0.03408387,356.0183,157.3234,0.01272724,1.939939,0.7816036,-2.224958,0.1098669,-0.1376352,0.6914709,0.7006096,272.3686,278.1353,241.7018,1.850081,0.7822003,-2.274607,0.1440189,-0.1494897,0.6827826,0.7005135,271.5032,330.873,185.1683
0.1076237,1,0,-1.64,0,0,1,0,0,180,0,1.560635,0.850845,-2.455189,-0.0191355,-0.1280833,0.9852699,0.111677,347.575,183.8937,344.7624,1.355439,0.8283656,-2.504175,0.19631,-0.007082301,0.9799377,0.03367923,356.0556,157.3452,359.9622,1.939966,0.7816222,-2.22495,0.1097944,-0.1376419,0.6914734,0.7006171,272.3749,278.0989,241.7437,1.849927,0.7821264,-2.274691,0.1438056,-0.1494892,0.6828563,0.7004858,271.5009,330.1605,185.8985
0.1267468,1,0,-1.64,0,0,1,0,0,180,0,1.560622,0.850293,-2.454998,-0.01895991,-0.1277981,0.9853127,0.1116561,347.5735,183.8694,344.7982,1.355781,0.8285017,-2.504101,0.1961748,-0.007422511,0.9799742,0.03332997,356.0872,157.3628,359.9155,1.939572,0.7813537,-2.225181,0.1096771,-0.1376332,0.6915538,0.7005579,272.38,277.7792,242.0736,1.849843,0.7821474,-2.274695,0.1436585,-0.1494245,0.6827934,0.700591,271.5158,330.0869,185.9895
0.1379044,1,0,-1.64,0,0,1,0,0,180,0,1.561199,0.8508242,-2.455134,-0.01926854,-0.1277215,0.985328,0.111556,347.5894,183.9025,344.8041,1.355443,0.8287275,-2.504428,0.1963347,-0.007158708,0.9799414,0.03341158,356.084,157.343,359.9477,1.939576,0.7813637,-2.225203,0.1096907,-0.1376271,0.6915717,0.7005394,272.3775,277.7228,242.1294,1.84981,0.7821239,-2.274714,0.1436584,-0.1493555,0.6828343,0.7005659,271.5092,330.2289,185.8533
0.1603824,1,0,-1.64,0,0,1,0,0,180,0,1.561309,0.8508577,-2.455117,-0.01926688,-0.1277128,0.9853324,0.1115269,347.5926,183.9017,344.8054,1.355145,0.8288976,-2.504428,0.1964746,-0.006902827,0.9799052,0.0337031,356.057,157.3252,359.9836,1.939462,0.7816016,-2.225001,0.109695,-0.1376115,0.6914834,0.7006289,272.3805,278.0655,241.7877,1.84999,0.7820955,-2.274662,0.1436488,-0.1494248,0.6827978,0.7005886,271.5153,330.0518,186.0254
0.1720907,1,0,-1.64,0,0,1,0,0,180,0,1.562672,0.8517256,-2.454508,-0.01934162,-0.1276451,0.9853402,0.1115224,347.594,183.9094,344.8125,1.355024,0.8292292,-2.50462,0.1966875,-0.006777231,0.9798651,0.03365193,356.0656,157.2999,-0.002510515,1.93946,0.7813333,-2.225096,0.1096855,-0.1376607,0.6914998,0.7006045,272.3838,277.9529,241.8971,1.849981,0.7820943,-2.274664,0.1436177,-0.1494585,0.6827798,0.7006055,271.5197,329.8964,186.1806
0.1833325,1,0,-1.64,0,0,1,0,0,180,0,1.562745,0.8518246,-2.454461,-0.01935608,-0.1276868,0.9853341,0.1115259,347.594,183.9116,344.8074,1.355064,0.8290731,-2.504601,0.1966207,-0.006738135,0.9798765,0.03371852,356.059,157.3074,0.003126495,1.939763,0.7814924,-2.224949,0.109742,-0.1376121,0.6913945,0.7007091,272.3812,278.405,241.4442,1.850058,0.7822352,-2.274594,0.1437616,-0.1493912,0.6828261,0.7005451,271.5065,330.4093,185.6614
0.2056834,1,0,-1.64,0,0,1,0,0,180,0,1.561577,0.851101,-2.455077,-0.01925682,-0.1280287,0.9852996,0.1114565,347.6018,183.9034,344.7689,1.355416,0.8292884,-2.504389,0.1968352,-0.006183986,0.9798215,0.03416971,356.0208,157.2796,0.07657137,1.939352,0.7812678,-2.225096,0.1095844,-0.137473,0.691395,0.7007606,272.3839,278.5,241.3737,1.850046,0.782311,-2.274582,0.1437417,-0.1494101,0.682815,0.700556,271.5091,330.3162,185.7545
0.2170609,1,0,-1.64,0,0,1,0,0,180,0,1.561608,0.8511321,-2.455078,-0.01928045,-0.1280184,0.9852999,0.1114621,347.6014,183.9061,344.7698,1.355933,0.8288931,-2.503961,0.1965251,-0.006691388,0.9798922,0.03383027,356.0475,157.3183,0.01052854,1.939379,0.781247,-2.225144,0.1095248,-0.1374042,0.6914001,0.7007784,272.3836,278.5344,241.3499,1.850296,0.7823207,-2.274567,0.1436305,-0.1494231,0.682856,0.7005361,271.5073,329.8989,186.1799
0.2383082,1,0,-1.64,0,0,1,0,0,180,0,1.562013,0.8512125,-2.454899,-0.01946451,-0.1279371,0.9853072,0.1114587,347.6043,183.9263,344.7771,1.355952,0.8291271,-2.50411,0.1967258,-0.006222835,0.9798442,0.03414282,356.0229,157.2926,0.07114539,1.939379,0.7812667,-2.225162,0.1095163,-0.1374389,0.6914555,0.7007183,272.3838,278.2932,241.5888,1.850063,0.7822034,-2.274596,0.1435208,-0.1494099,0.6828527,0.7005646,271.5125,329.6529,186.4362
0.2505069,1,0,-1.64,0,0,1,0,0,180,0,1.561888,0.8510135,-2.454968,-0.01949365,-0.1278933,0.9853002,0.111565,347.5925,183.9308,344.7811,1.356268,0.8287458,-2.50373,0.1965742,-0.006794581,0.9798819,0.03382002,356.0463,157.313,-0.001119186,1.939378,0.7812666,-2.225172,0.1095663,-0.137408,0.6914733,0.7006989,272.3767,278.2734,241.6071,1.85004,0.7821544,-2.274601,0.1435312,-0.1493969,0.6828252,0.700592,271.5158,329.7741,186.3152
0.2717439,1,0,-1.64,0,0,1,0,0,180,0,1.562966,0.8515213,-2.45452,-0.01953525,-0.127918,0.9853137,0.1114109,347.6108,183.9334,344.7788,1.355761,0.8288463,-2.504126,0.1967543,-0.006636048,0.9798458,0.03385276,356.0462,157.2912,0.01819132,1.939122,0.7811109,-2.225178,0.1095099,-0.137471,0.6914827,0.700686,272.3853,278.1588,241.7212,1.84998,0.7820467,-2.274589,0.1435092,-0.1493686,0.6829085,0.7005213,271.504,329.6456,186.4479
0.2832065,1,0,-1.64,0,0,1,0,0,180,0,1.562453,0.8514045,-2.454716,-0.01953242,-0.1281381,0.9853049,0.1112359,347.6316,183.933,344.7543,1.355778,0.8288407,-2.50413,0.1968104,-0.006626194,0.9798321,0.03392633,356.0381,157.2845,0.02119243,1.939023,0.7810321,-2.225194,0.1095886,-0.1374707,0.6915398,0.7006175,272.376,277.9707,241.9029,1.85026,0.7821865,-2.27453,0.1435311,-0.1495128,0.6829326,0.7004626,271.5009,329.1989,186.8808
0.4449351,1,0,-1.64,0,0,1,0,0,180,0,1.562354,0.851397,-2.454751,-0.01924704,-0.1286383,0.9852927,0.1108152,347.6772,183.8994,344.7021,1.355668,0.8290505,-2.504229,0.1969294,-0.006250768,0.9798,0.03422929,356.0126,157.2687,0.07078833,1.938905,0.7809009,-2.225249,0.1095685,-0.1373082,0.6913719,0.7008182,272.3745,278.7499,241.1387,1.850013,0.7819724,-2.274566,0.1436688,-0.1497653,0.6832032,0.7001165,271.457,328.2016,187.8459
0.4709599,1,0,-1.64,0,0,1,0,0,180,0,1.563188,0.8519764,-2.454307,-0.01920183,-0.1287956,0.9852658,0.11088,347.6697,183.8972,344.6837,1.356856,0.8298025,-2.503906,0.197597,-0.004339619,0.9796323,0.0354556,355.9181,157.181,0.3164686,1.938775,0.7808033,-2.225233,0.1095098,-0.1372543,0.6914385,0.7007722,272.3721,278.5428,241.355,1.850178,0.782067,-2.27457,0.1434926,-0.1497693,0.6832361,0.7001197,271.4594,327.6376,188.4241
0.4830636,1,0,-1.64,0,0,1,0,0,180,0,1.561563,0.8510253,-2.45511,-0.01927418,-0.1288822,0.9852564,0.1108501,347.6746,183.9062,344.6729,1.357046,0.8297328,-2.503716,0.1976534,-0.004091384,0.9796153,0.0356417,355.9029,157.1731,0.3488764,1.938835,0.7806607,-2.225344,0.1096627,-0.1374507,0.6915668,0.7005832,272.3672,277.9113,241.9578,1.850134,0.7819965,-2.274585,0.1436219,-0.149783,0.6832649,0.700062,271.4498,327.8822,188.1678
0.4969666,1,0,-1.64,0,0,1,0,0,180,0,1.561564,0.8510625,-2.455109,-0.01927173,-0.1288877,0.9852555,0.110852,347.6744,183.906,344.6722,1.357676,0.8291171,-2.50298,0.1971227,-0.004867199,0.9797373,0.03512602,355.9431,157.2392,0.2476302,1.938837,0.7806329,-2.225354,0.1096317,-0.1375296,0.6915447,0.7005944,272.3766,277.9052,241.96,1.850109,0.7818984,-2.274597,0.1436496,-0.1498419,0.6832791,0.7000299,271.4471,327.7332,188.3095
0.5157723,1,0,-1.64,0,0,1,0,0,180,0,1.561242,0.8510289,-2.455181,-0.01934903,-0.1288882,0.9852606,0.1107928,347.6823,183.914,344.6717,1.357249,0.828911,-2.503439,0.1968595,-0.005632612,0.9797992,0.03475831,355.9671,157.2736,0.1520588,1.938579,0.780695,-2.225304,0.1095234,-0.1374526,0.6915045,0.7006661,272.3818,278.1013,241.7791,1.850067,0.7819877,-2.274663,0.1435702,-0.1500361,0.6833808,0.6999053,271.4378,326.6466,189.3867
0.5271072,1,0,-1.64,0,0,1,0,0,180,0,1.560383,0.8502069,-2.455328,-0.01912593,-0.1287843,0.9852672,0.1108935,347.667,183.8885,344.6859,1.357339,0.8288774,-2.503401,0.1968286,-0.005697207,0.9798059,0.03473413,355.9683,157.2775,0.1441134,1.938556,0.7806797,-2.225302,0.1095503,-0.1375042,0.6915141,0.7006422,272.3829,278.0209,241.853,1.850019,0.7819203,-2.274696,0.1435135,-0.1499616,0.6833909,0.6999231,271.4379,326.7148,189.3294
0.5383536,1,0,-1.64,0,0,1,0,0,180,0,1.560349,0.850186,-2.455317,-0.01910423,-0.1287699,0.9852608,0.110971,347.6577,183.8871,344.6873,1.357277,0.8286821,-2.503484,0.1966979,-0.006248071,0.9798443,0.03429297,356.0055,157.2957,0.07158932,1.93865,0.7807369,-2.225268,0.1094164,-0.1374903,0.6914159,0.7007628,272.3977,278.3576,241.5284,1.850175,0.7820352,-2.274577,0.1435604,-0.1500817,0.6833654,0.6999126,271.441,326.5057,189.5246
0.5603678,1,0,-1.64,0,0,1,0,0,180,0,1.558897,0.8495855,-2.456263,-0.01912726,-0.1291353,0.9852418,0.1107104,347.6893,183.8901,344.646,1.356886,0.8286431,-2.50355,0.1965368,-0.006605277,0.9798844,0.03400409,356.0299,157.3163,0.02419654,1.938596,0.7806144,-2.225252,0.1094681,-0.137547,0.6914363,0.7007235,272.3965,278.2404,241.6367,1.849808,0.7820015,-2.274584,0.1436418,-0.1499076,0.683279,0.7000176,271.4482,327.4964,188.5416
0.582687,1,0,-1.64,0,0,1,0,0,180,0,1.557463,0.8492944,-2.457074,-0.01963777,-0.129211,0.9852051,0.1108594,347.6805,183.9525,344.6297,1.35621,0.8289258,-2.503997,0.1967454,-0.006571172,0.97984,0.03408164,356.0219,157.2917,0.0306364,1.938972,0.7808533,-2.225184,0.1095033,-0.1375969,0.6914029,0.7007412,272.399,278.3218,241.5483,1.849459,0.7818847,-2.274667,0.1436499,-0.1497792,0.6832333,0.700088,271.4532,328.0398,188.0081
0.6054399,1,0,-1.64,0,0,1,0,0,180,0,1.558182,0.8492749,-2.456597,-0.01950714,-0.1291917,0.9852008,0.1109432,347.6688,183.9386,344.6329,1.356064,0.8287523,-2.504019,0.1964633,-0.006925154,0.9799048,0.03377792,356.0481,157.3265,359.9828,1.939224,0.7810738,-2.225184,0.1096622,-0.137621,0.6914799,0.7006356,272.3839,278.0595,241.7955,1.849715,0.7818962,-2.274705,0.14378,-0.1498238,0.6832362,0.7000489,271.4477,328.2445,187.789
0.6278571,1,0,-1.64,0,0,1,0,0,180,0,1.557987,0.8492702,-2.456458,-0.0196777,-0.129121,0.9851864,0.1111234,347.6506,183.9604,344.6378,1.355902,0.8288453,-2.503914,0.1963891,-0.006993368,0.9799209,0.03372578,356.0524,157.3355,359.9736,1.939413,0.7812889,-2.225058,0.1096928,-0.1375793,0.6913955,0.7007223,272.3828,278.4207,241.4353,1.84973,0.7819363,-2.274723,0.1439048,-0.1497461,0.6831042,0.7001687,271.4614,329.1185,186.911
0.648935,1,0,-1.64,0,0,1,0,0,180,0,1.557991,0.8492097,-2.45643,-0.01960994,-0.1293165,0.9851906,0.1108701,347.6792,183.9509,344.6176,1.355909,0.8287536,-2.503886,0.1962148,-0.007274391,0.9799628,0.03346464,356.0754,157.3574,359.9354,1.939399,0.7812622,-2.22508,0.1097067,-0.1376077,0.6914128,0.7006974,272.3826,278.3321,241.5204,1.850109,0.7820814,-2.274631,0.1439096,-0.1496289,0.6831494,0.7001486,271.4533,329.4244,186.6145
0.6609189,1,0,-1.64,0,0,1,0,0,180,0,1.55787,0.8491766,-2.456463,-0.01958719,-0.1293145,0.9851862,0.1109153,347.6737,183.9489,344.6177,1.355878,0.8287468,-2.5039,0.1962218,-0.007228764,0.9799618,0.0334625,356.0767,157.3564,359.9405,1.939406,0.7812452,-2.22507,0.1097096,-0.137655,0.6913577,0.7007421,272.3887,278.4869,241.3614,1.8501,0.7820634,-2.274652,0.1440387,-0.1495696,0.6831932,0.700092,271.4405,329.8935,186.1396
0.6836363,1,0,-1.64,0,0,1,0,0,180,0,1.557515,0.8492161,-2.456578,-0.01977977,-0.1292549,0.9851953,0.11087,347.6816,183.9697,344.6227,1.355704,0.8287402,-2.503978,0.1959368,-0.007739225,0.9800249,0.03316689,356.0985,157.3921,359.8753,1.939306,0.7811064,-2.225165,0.1097738,-0.1376011,0.6913993,0.7007015,272.3776,278.4077,241.4398,1.850091,0.7822126,-2.274538,0.144108,-0.1494976,0.6830793,0.7002043,271.4545,330.5468,185.4865
0.7044338,1,0,-1.64,0,0,1,0,0,180,0,1.557004,0.8491681,-2.457028,-0.020147,-0.129289,0.9851907,0.1108046,347.6949,184.0115,344.6147,1.355498,0.8285582,-2.504102,0.1958082,-0.008054103,0.9800532,0.03301638,356.1084,157.4085,359.8359,1.939308,0.7810926,-2.225149,0.1097752,-0.137683,0.6913968,0.7006878,272.3834,278.3338,241.5069,1.850174,0.7822395,-2.27454,0.1442598,-0.1495309,0.6830733,0.7001718,271.45,330.8755,185.1425
0.7160595,1,0,-1.64,0,0,1,0,0,180,0,1.556865,0.8491393,-2.457115,-0.02017094,-0.1292881,0.9851948,0.1107653,347.6997,184.0136,344.6148,1.355456,0.8285639,-2.504139,0.1957568,-0.008091703,0.9800669,0.03290365,356.1202,157.4148,359.8289,1.939353,0.7810751,-2.225095,0.1097499,-0.1376877,0.6914006,0.700687,272.3857,278.3076,241.5347,1.850165,0.7822533,-2.274552,0.1441845,-0.1494819,0.6830615,0.7002093,271.454,330.847,185.1813
0.7378596,1,0,-1.64,0,0,1,0,0,180,0,1.556086,0.8484601,-2.457651,-0.020423,-0.1295136,0.9851459,0.1108904,347.6903,184.0476,344.5843,1.355701,0.8286781,-2.504006,0.1955698,-0.008255657,0.9801038,0.03287813,356.1194,157.4373,359.8092,1.939287,0.7811783,-2.225038,0.1097639,-0.1374782,0.6913943,0.7007322,272.3698,278.5495,241.309,1.850184,0.7823182,-2.274506,0.1442781,-0.1495619,0.6830397,0.7001941,271.454,330.8874,185.1265
0.749624,1,0,-1.64,0,0,1,0,0,180,0,1.557102,0.848588,-2.457086,-0.02017566,-0.1294289,0.9851651,0.1108641,347.6891,184.0175,344.5975,1.355249,0.8285241,-2.504248,0.1955519,-0.008569559,0.9801134,0.03261474,356.142,157.4409,359.7679,1.939288,0.7811893,-2.225019,0.1097755,-0.1374638,0.6913821,0.7007453,272.3685,278.6132,241.2456,1.850179,0.7823074,-2.274508,0.1442473,-0.1493693,0.6830311,0.70025,271.4556,331.4503,184.5821
0.7710873,1,0,-1.64,0,0,1,0,0,180,0,1.556849,0.8484162,-2.457234,-0.02018838,-0.1294112,0.9851733,0.1108095,347.6955,184.0179,344.5998,1.355211,0.8284838,-2.50411,0.1952839,-0.008831233,0.980167,0.03254239,356.1443,157.4733,359.7357,1.94013,0.7816593,-2.224869,0.110383,-0.1375748,0.6915474,0.7004648,272.3189,278.0566,241.7432,1.850405,0.7823105,-2.274531,0.1443358,-0.149516,0.6830509,0.7001812,271.4501,331.181,184.8319
0.793424,1,0,-1.64,0,0,1,0,0,180,0,1.555847,0.8480756,-2.457216,-0.02031252,-0.1293733,0.9851372,0.1111514,347.6582,184.0374,344.6002,1.355049,0.8290681,-2.504475,0.1954797,-0.008401383,0.9801239,0.03277547,356.1277,157.4485,359.7901,1.940009,0.7817072,-2.22491,0.1103666,-0.1374979,0.6915371,0.7004927,272.3152,278.1709,241.6366,1.850319,0.7823685,-2.274516,0.144186,-0.1493499,0.6830084,0.700289,271.4611,331.3823,184.6568
0.8156023,1,0,-1.64,0,0,1,0,0,180,0,1.556526,0.8482099,-2.456655,-0.02001721,-0.1291047,0.9851634,0.1112851,347.6373,184.0021,344.6343,1.355114,0.8284608,-2.504117,0.195292,-0.00882315,0.9801631,0.03261213,356.1367,157.4722,359.7382,1.939398,0.7814444,-2.225149,0.1100231,-0.1373676,0.6915786,0.7005314,272.3315,278.0521,241.7943,1.850182,0.7822348,-2.274589,0.1443217,-0.1494824,0.6829558,0.7002841,271.4649,331.424,184.5929
0.8375846,1,0,-1.64,0,0,1,0,0,180,0,1.556489,0.8482587,-2.456929,-0.02015419,-0.1291319,0.9851922,0.1109732,347.6751,184.0131,344.6318,1.354815,0.8286706,-2.50438,0.1955228,-0.008465751,0.9801129,0.03283398,356.1197,157.4436,359.7844,1.939389,0.7812594,-2.225126,0.1099557,-0.1374624,0.6916054,0.7004969,272.3426,277.8353,242.0088,1.850151,0.7822549,-2.274703,0.144145,-0.1494957,0.6830221,0.7002528,271.4621,330.7639,185.2665
0.8491161,1,0,-1.64,0,0,1,0,0,180,0,1.556363,0.8482064,-2.456976,-0.02015116,-0.1291564,0.9851851,0.1110083,347.6712,184.0137,344.6287,1.354732,0.828673,-2.504421,0.1954504,-0.008475103,0.9801273,0.03282949,356.12,157.4521,359.7829,1.939401,0.7812569,-2.225132,0.10998,-0.1374568,0.6916021,0.7004973,272.3404,277.86,241.9827,1.85007,0.7822527,-2.274597,0.1441457,-0.1493963,0.682873,0.7004194,271.484,331.36,184.6785
0.8708295,1,0,-1.64,0,0,1,0,0,180,0,1.556477,0.8479744,-2.456602,-0.0199714,-0.1290494,0.9851924,0.1111014,347.6573,183.9931,344.6428,1.355014,0.8292131,-2.50424,0.1958281,-0.007630756,0.9800451,0.03323708,356.093,157.4043,359.8886,1.939072,0.7809983,-2.22511,0.1098497,-0.1374459,0.6915451,0.7005762,272.3529,278.0484,241.8058,1.850208,0.7822818,-2.274548,0.1443038,-0.1494823,0.6828787,0.7003629,271.4775,331.5107,184.5076
0.8831251,1,0,-1.64,0,0,1,0,0,180,0,1.555549,0.8474909,-2.457185,-0.01989456,-0.1290995,0.9852263,0.1107552,347.6959,183.9791,344.6404,1.354941,0.8292164,-2.504285,0.1958243,-0.00770633,0.9800409,0.03336614,356.0768,157.4048,359.883,1.939057,0.7809771,-2.225105,0.1099037,-0.1374436,0.6915587,0.7005548,272.3477,278.0149,241.835,1.850206,0.7822769,-2.274549,0.1442875,-0.149514,0.6829124,0.7003266,271.4731,331.3025,184.7146
0.9046527,1,0,-1.64,0,0,1,0,0,180,0,1.557458,0.8487207,-2.456847,-0.01990287,-0.1289811,0.9852711,0.1104928,347.7254,183.9742,344.6562,1.355423,0.8292543,-2.504195,0.1959618,-0.007163738,0.98001,0.03358554,356.0644,157.3864,359.9496,1.938923,0.7808546,-2.225218,0.1098754,-0.1375045,0.6916459,0.7004612,272.3502,277.6194,242.2278,1.850293,0.7822105,-2.274503,0.1442122,-0.1495482,0.6829935,0.7002558,271.4641,330.8332,185.1873
0.9265672,1,0,-1.64,0,0,1,0,0,180,0,1.556575,0.848594,-2.457131,-0.01983129,-0.1291015,0.9852251,0.1107744,347.6927,183.9721,344.6408,1.355953,0.8289702,-2.503649,0.1958954,-0.007211075,0.9800218,0.03362029,356.0594,157.3943,359.9448,1.938829,0.78089,-2.225153,0.1098702,-0.1374231,0.6915383,0.7005842,272.3498,278.1025,241.7518,1.850186,0.7822819,-2.274533,0.1442917,-0.1495184,0.6829168,0.7003205,271.4725,331.2919,184.7244
0.9488658,1,0,-1.64,0,0,1,0,0,180,0,1.555313,0.8482577,-2.457759,-0.02043352,-0.1292199,0.9851657,0.1110558,347.6703,184.0479,344.6174,1.356144,0.8286579,-2.503496,0.1956212,-0.007494041,0.9800869,0.03325651,356.094,157.428,359.9036,1.938937,0.7808303,-2.225293,0.1099094,-0.1375847,0.691612,0.7004736,272.3548,277.6739,242.1639,1.85,0.7821484,-2.274532,0.1442718,-0.1494183,0.6829174,0.7003454,271.4724,331.5612,184.4651
0.9709433,1,0,-1.64,0,0,1,0,0,180,0,1.555286,0.848168,-2.457634,-0.02041304,-0.1290562,0.9851793,0.1111286,347.6611,184.0446,344.6364,1.356068,0.8283073,-2.503651,0.1955248,-0.007903937,0.9801113,0.03300661,356.1129,157.4411,359.8515,1.938928,0.7806553,-2.225361,0.109826,-0.1377232,0.6916417,0.7004301,272.3702,277.4025,242.4307,1.850024,0.7822542,-2.274607,0.144282,-0.1493975,0.682893,0.7003715,271.4756,331.7003,184.3268
0.9932522,1,0,-1.64,0,0,1,0,0,180,0,1.554292,0.8478827,-2.458068,-0.02073606,-0.1291747,0.9851167,0.1114863,347.6257,184.0895,344.6158,1.356191,0.8281143,-2.5035,0.1952766,-0.00823771,0.9801693,0.03267075,356.1432,157.4718,359.8054,1.939079,0.7808705,-2.225297,0.1098741,-0.1377997,0.691705,0.700345,272.3687,277.1033,242.7197,1.850036,0.7822003,-2.274596,0.1443385,-0.1492937,0.6828779,0.7003968,271.475,332.222,183.8091
1.015283,1,0,-1.64,0,0,1,0,0,180,0,1.555608,0.8480812,-2.457372,-0.02060298,-0.1289215,0.9851552,0.1114632,347.6252,184.0705,344.6473,1.355611,0.8285762,-2.504156,0.195518,-0.008016573,0.9801118,0.03300535,356.1105,157.4423,359.8387,1.938708,0.7806991,-2.225346,0.1097348,-0.1377579,0.6916883,0.7003916,272.3777,277.1724,242.6654,1.850023,0.7821358,-2.274599,0.1442075,-0.1493056,0.682862,0.7004367,271.4827,331.8443,184.1967
1.037576,1,0,-1.64,0,0,1,0,0,180,0,1.556211,0.8479636,-2.456986,-0.02015144,-0.1288399,0.9851911,0.1113225,347.634,184.0149,344.6635,1.355312,0.8287649,-2.504318,0.1957172,-0.007635685,0.9800647,0.03331255,356.0845,157.4172,359.8893,1.93856,0.7806971,-2.225251,0.1097087,-0.1377961,0.6916502,0.7004258,272.3845,277.2693,242.5675,1.849903,0.7820625,-2.274669,0.1441101,-0.1493939,0.682891,0.7004096,271.4828,331.2369,184.8047
1.059582,1,0,-1.64,0,0,1,0,0,180,0,1.556478,0.848219,-2.45675,-0.01992196,-0.12859,0.9852077,0.1115056,347.6086,183.9883,344.6944,1.355744,0.8293185,-2.504212,0.1960372,-0.006753358,0.9799907,0.03379536,356.05,157.3757,0.0007949909,1.938745,0.7808058,-2.225286,0.1098197,-0.1377518,0.6916183,0.7004486,272.3738,277.4591,242.3723,1.849929,0.7820454,-2.274621,0.1441351,-0.149312,0.6828585,0.7004536,271.4857,331.628,184.4184
1.071037,1,0,-1.64,0,0,1,0,0,180,0,1.556382,0.8481477,-2.456751,-0.01991478,-0.1286048,0.9852079,0.1114884,347.6105,183.9873,344.6928,1.355594,0.8290824,-2.504132,0.1961881,-0.006798855,0.9799547,0.03395309,356.0312,157.358,-0.0001583813,1.938715,0.780799,-2.22529,0.1097528,-0.1378137,0.6916019,0.7004631,272.3845,277.4413,242.3905,1.849904,0.7820265,-2.274603,0.1442467,-0.1494354,0.6828782,0.7003852,271.4795,331.5045,184.5224
1.092833,1,0,-1.64,0,0,1,0,0,180,0,1.55617,0.8480252,-2.456739,-0.01996495,-0.1286091,0.9852117,0.1114409,347.6167,183.9924,344.6921,1.35594,0.8292689,-2.503912,0.1962162,-0.006340262,0.9799474,0.0340881,356.0264,157.3528,0.05462144,1.938992,0.7811251,-2.225109,0.1096335,-0.1376864,0.6914347,0.7006719,272.3932,278.1516,241.7005,1.849962,0.782056,-2.274633,0.1442889,-0.1494006,0.6829031,0.7003597,271.4737,331.6918,184.3345
1.104089,1,0,-1.64,0,0,1,0,0,180,0,1.556093,0.8479571,-2.456727,-0.01991659,-0.1286151,0.9852121,0.1114388,347.6162,183.9868,344.692,1.356182,0.8288424,-2.503553,0.1959516,-0.006736259,0.980004,0.03390846,356.0377,157.3855,0.004922619,1.939466,0.7813063,-2.225071,0.1096534,-0.137796,0.6914258,0.700656,272.4,278.0791,241.7622,1.849943,0.782036,-2.274655,0.1442176,-0.149283,0.6828717,0.70043,271.4807,331.9285,184.1135
1.126214,1,0,-1.64,0,0,1,0,0,180,0,1.555894,0.8478264,-2.45671,-0.01993879,-0.1285755,0.9852168,0.1114392,347.6164,183.9889,344.6964,1.356526,0.8287375,-2.503408,0.1957176,-0.00708266,0.9800534,0.03376136,356.0464,157.4144,359.9617,1.939594,0.7813328,-2.22514,0.1096864,-0.1378799,0.6915093,0.7005519,272.3993,277.6986,242.1331,1.849945,0.7820998,-2.274669,0.1442885,-0.1492849,0.6828579,0.7004284,271.4802,332.1441,183.8918
1.137503,1,0,-1.64,0,0,1,0,0,180,0,1.557145,0.8484153,-2.456789,-0.01969743,-0.1282471,0.9852988,0.1111349,347.6461,183.9518,344.7402,1.356339,0.828305,-2.503418,0.19558,-0.007459776,0.9800875,0.03348786,356.0687,157.4323,359.9125,1.939347,0.781301,-2.225113,0.1095645,-0.1377593,0.6914405,0.7006626,272.4038,278.038,241.8136,1.849813,0.7820163,-2.274781,0.1442965,-0.149398,0.6829555,0.7003075,271.4655,331.6297,184.3962
1.163156,1,0,-1.64,0,0,1,0,0,180,0,1.556461,0.8485636,-2.457329,-0.02016959,-0.1287038,0.9852432,0.1110155,347.6688,184.0102,344.6816,1.355954,0.8288355,-2.503961,0.1956653,-0.007116652,0.9800658,0.03369617,356.053,157.4208,359.9562,1.939194,0.7811704,-2.225063,0.1094387,-0.1376569,0.6915011,0.7006425,272.4036,277.8852,241.9853,1.849759,0.7819941,-2.274617,0.1442708,-0.1493839,0.6829451,0.700326,271.4679,331.6219,184.4073
1.175789,1,0,-1.64,0,0,1,0,0,180,0,1.557057,0.8488868,-2.456818,-0.02012989,-0.1286259,0.9852305,0.1112254,347.6439,184.0081,344.6897,1.3557,0.829111,-2.504206,0.1958269,-0.007087449,0.9800308,0.03378309,356.0439,157.4016,359.9621,1.939188,0.7810774,-2.225129,0.1093852,-0.1376411,0.6914915,0.7006635,272.407,277.9218,241.9544,1.849748,0.7819783,-2.274615,0.1442928,-0.1494212,0.6829374,0.7003209,271.4686,331.5753,184.449
1.198085,1,0,-1.64,0,0,1,0,0,180,0,1.557065,0.849104,-2.456805,-0.02020046,-0.1285291,0.9852571,0.1110887,347.6602,184.0127,344.7012,1.355197,0.829102,-2.504437,0.1960231,-0.007012809,0.9799895,0.03385832,356.0371,157.3783,359.973,1.940536,0.7816336,-2.22463,0.1099157,-0.137965,0.6915789,0.7004305,272.3834,277.4174,242.3885,1.849723,0.7819315,-2.274632,0.1442626,-0.149367,0.6829633,0.7003135,271.4655,331.6217,184.4096
1.220365,1,0,-1.64,0,0,1,0,0,180,0,1.55748,0.8492029,-2.456661,-0.02017113,-0.1284747,0.9852549,0.1111765,347.6495,184.0101,344.7073,1.355284,0.8289473,-2.504254,0.1961485,-0.006702186,0.9799632,0.03395585,356.0331,157.3622,0.01062457,1.940157,0.7816275,-2.224877,0.1096928,-0.1378482,0.6916073,0.7004604,272.3916,277.3719,242.4619,1.849972,0.7821248,-2.274607,0.1443416,-0.1493092,0.682886,0.7003849,271.4741,332.1666,183.8629
1.24233,1,0,-1.64,0,0,1,0,0,180,0,1.556439,0.8486164,-2.457313,-0.02056156,-0.1285999,0.9852269,0.1112087,347.6523,184.0574,344.6876,1.356034,0.8288244,-2.503734,0.1958706,-0.006931153,0.9800235,0.03377484,356.0483,157.3959,359.9796,1.939923,0.7815388,-2.224955,0.1097741,-0.1378454,0.691692,0.7003646,272.3807,277.0822,242.7452,1.850121,0.7822219,-2.274587,0.1442083,-0.1492036,0.6828365,0.7004831,271.4858,332.2191,183.8302
1.264806,1,0,-1.64,0,0,1,0,0,180,0,1.556328,0.8486186,-2.457419,-0.02052345,-0.1285443,0.9852314,0.1112398,347.648,184.0528,344.6943,1.356294,0.828906,-2.503597,0.1958049,-0.006955952,0.9800369,0.03376073,356.0493,157.4037,359.9763,1.939952,0.7815428,-2.22494,0.109804,-0.1379097,0.6917702,0.7002699,272.3794,276.7362,243.0834,1.850322,0.782295,-2.274532,0.1443581,-0.1492449,0.6828594,0.7004212,271.4772,332.4669,183.5666
1.287112,1,0,-1.64,0,0,1,0,0,180,0,1.557052,0.848726,-2.456887,-0.02044436,-0.1285875,0.9852142,0.1113571,347.6335,184.0461,344.6894,1.35629,0.8286046,-2.503537,0.1954207,-0.007685557,0.9801249,0.03327124,356.088,157.4521,359.8816,1.93961,0.7813966,-2.224958,0.1097541,-0.1378859,0.6916687,0.7003826,272.3865,277.1233,242.7024,1.850255,0.7823137,-2.274521,0.1443804,-0.1492826,0.6828114,0.7004552,271.4839,332.4865,183.542
1.309232,1,0,-1.64,0,0,1,0,0,180,0,1.555767,0.8485348,-2.457677,-0.0205581,-0.1289588,0.985175,0.1112538,347.6486,184.0623,344.6451,1.356327,0.8285729,-2.503559,0.1953165,-0.008018762,0.9801501,0.03305934,356.1044,157.4659,359.8389,1.939454,0.7813537,-2.22506,0.1097075,-0.137714,0.6915535,0.7005376,272.3834,277.7073,242.1363,1.850218,0.7822803,-2.274521,0.1444203,-0.1492513,0.682802,0.7004629,271.4836,332.7152,183.3126
1.331341,1,0,-1.64,0,0,1,0,0,180,0,1.555621,0.8480377,-2.45724,-0.02055721,-0.1289053,0.9851509,0.1115284,347.617,184.0661,344.6493,1.356038,0.8288937,-2.503901,0.1954152,-0.007737941,0.9801272,0.03322339,356.0922,157.453,359.8746,1.939354,0.781162,-2.225103,0.1097314,-0.1378881,0.6916356,0.7004185,272.39,277.238,242.5894,1.850311,0.7823858,-2.274463,0.1443082,-0.1492325,0.6827408,0.7005497,271.4971,332.5626,183.476
1.353663,1,0,-1.64,0,0,1,0,0,180,0,1.555265,0.8477142,-2.457492,-0.02044091,-0.1289914,0.9851411,0.1115368,347.6147,184.0539,344.6406,1.355447,0.8288704,-2.504209,0.1956562,-0.007562279,0.9800758,0.03335857,356.0809,157.424,359.8984,1.939536,0.7815151,-2.224833,0.1096782,-0.1377686,0.6915123,0.7005721,272.3916,277.7966,242.045,1.850361,0.7824342,-2.274424,0.1443288,-0.1492419,0.6827357,0.7005484,271.4971,332.5981,183.438
1.376084,1,0,-1.64,0,0,1,0,0,180,0,1.553862,0.8470403,-2.457996,-0.02010018,-0.1292418,0.9851067,0.1116125,347.6018,184.0189,344.6147,1.35532,0.8289478,-2.504185,0.1958783,-0.007183843,0.98003,0.03348641,356.075,157.3964,359.9447,1.939517,0.7813325,-2.225024,0.1097602,-0.1375426,0.6913607,0.7007533,272.3764,278.6059,241.2476,1.850263,0.78229,-2.274442,0.1443209,-0.1491888,0.6827947,0.7005038,271.4881,332.6508,183.3904
1.398129,1,0,-1.64,0,0,1,0,0,180,0,1.554773,0.8474721,-2.457786,-0.02008866,-0.1292508,0.9851227,0.1114631,347.6187,184.0152,344.615,1.352242,0.8275048,-2.505771,0.1964043,-0.006505726,0.9798958,0.03445666,355.9812,157.3308,0.04508814,1.939473,0.781359,-2.225001,0.1097391,-0.1375578,0.6913685,0.7007459,272.379,278.5555,241.2985,1.850198,0.7822531,-2.274523,0.144225,-0.1492709,0.6828241,0.7004774,271.4878,332.0692,183.9731
1.420468,1,0,-1.64,0,0,1,0,0,180,0,1.554553,0.8473593,-2.457874,-0.02011756,-0.1292921,0.9851168,0.1114622,347.6194,184.0191,344.6097,1.353019,0.8275229,-2.504727,0.1966055,-0.005776726,0.9798391,0.0350486,355.9311,157.3034,0.1413597,1.939553,0.7813137,-2.225044,0.1097955,-0.1376671,0.6914489,0.7006363,272.3781,278.1642,241.6762,1.850106,0.7822299,-2.274505,0.1442601,-0.1491896,0.682776,0.7005344,271.4934,332.5092,183.5369
1.442595,1,0,-1.64,0,0,1,0,0,180,0,1.553677,0.8472779,-2.458049,-0.0202788,-0.1292927,0.985104,0.1115451,347.6125,184.0391,344.6071,1.35311,0.8272281,-2.504562,0.1964567,-0.006083155,0.9798708,0.03494344,355.936,157.3222,0.103871,1.939642,0.7814098,-2.22495,0.1097872,-0.1374778,0.6912562,0.7008649,272.375,279.065,240.7915,1.850023,0.782187,-2.27453,0.1443764,-0.1491403,0.6827654,0.7005314,271.4903,333.0098,183.0308
1.464969,1,0,-1.64,0,0,1,0,0,180,0,1.554217,0.8472725,-2.457715,-0.0199205,-0.1290179,0.9851295,0.1117022,347.5879,183.9968,344.6426,1.354866,0.8282118,-2.503986,0.1962306,-0.006217254,0.9799318,0.03447597,355.9855,157.35,0.07728199,1.939719,0.7814969,-2.224891,0.1097509,-0.1374643,0.6912107,0.700918,272.3796,279.2342,240.6265,1.850079,0.7821707,-2.274549,0.1441743,-0.149353,0.6829306,0.7003666,271.4738,331.478,184.5617
1.486897,1,0,-1.64,0,0,1,0,0,180,0,1.553865,0.8468381,-2.457655,-0.01978873,-0.1288113,0.9851586,0.1117083,347.5843,183.979,344.6685,1.354986,0.8283091,-2.504047,0.1960732,-0.006609703,0.979969,0.03424048,356.0032,157.3703,0.02714821,1.939489,0.7812577,-2.225104,0.1096225,-0.1376002,0.6912665,0.7008564,272.3964,278.8501,241.0099,1.8502,0.7823091,-2.274515,0.1440026,-0.1493598,0.6829267,0.7004042,271.4812,330.9855,185.0679
1.499957,1,0,-1.64,0,0,1,0,0,180,0,1.554475,0.84718,-2.457667,-0.01936092,-0.1285183,0.9852176,0.1116003,347.5889,183.924,344.709,1.354714,0.8285389,-2.504332,0.1963013,-0.006309261,0.9799234,0.03429393,356.0039,157.3423,0.06310445,1.939329,0.7811751,-2.225136,0.1096501,-0.1375895,0.6913183,0.7008031,272.3907,278.6806,241.1781,1.85019,0.7822933,-2.274531,0.1440497,-0.1493836,0.6829505,0.7003662,271.4759,330.9956,185.0519
1.519853,1,0,-1.64,0,0,1,0,0,180,0,1.554828,0.8475732,-2.457998,-0.01944828,-0.1286197,0.9852236,0.111415,347.6118,183.9324,344.6974,1.354988,0.8288844,-2.504366,0.1964872,-0.006196639,0.9798881,0.03426112,356.0102,157.3202,0.07579797,1.939284,0.7811037,-2.225119,0.109678,-0.1375504,0.6913553,0.70077,272.3839,278.5938,241.2658,1.850138,0.7822376,-2.274479,0.1441063,-0.1493296,0.6829121,0.7004036,271.4791,331.397,184.6503
1.542307,1,0,-1.64,0,0,1,0,0,180,0,1.554734,0.8474762,-2.45815,-0.01947973,-0.1286498,0.9852225,0.1113843,347.6159,183.9359,344.6937,1.355102,0.8292061,-2.504318,0.1966763,-0.005751846,0.979845,0.03448425,355.9951,157.296,0.1316801,1.939368,0.7811471,-2.225005,0.1096805,-0.1375449,0.6912016,0.7009222,272.3914,279.1614,240.6984,1.85009,0.7822174,-2.274545,0.1441717,-0.1493112,0.6829449,0.700362,271.4714,331.5814,184.462
1.564116,1,0,-1.64,0,0,1,0,0,180,0,1.555437,0.8479729,-2.457708,-0.01943605,-0.1285415,0.9852276,0.1114721,347.6048,183.9309,344.7063,1.355387,0.8294017,-2.504224,0.1968413,-0.005308489,0.9798055,0.0347354,355.977,157.2746,0.1879435,1.939332,0.7811689,-2.224905,0.1096828,-0.1374974,0.691196,0.7009367,272.3879,279.2322,240.6313,1.850259,0.7822462,-2.27453,0.1441825,-0.1493599,0.6829854,0.70031,271.4651,331.3808,184.6577
1.575479,1,0,-1.64,0,0,1,0,0,180,0,1.555389,0.8479531,-2.457744,-0.01947093,-0.1285012,0.985232,0.1114727,347.6051,183.9344,344.7106,1.355454,0.8294761,-2.504271,0.1970358,-0.005046342,0.9797611,0.03492422,355.9617,157.2505,0.2225296,1.939451,0.7813814,-2.225032,0.1093721,-0.137425,0.6912633,0.700933,272.4046,278.9664,240.9286,1.850336,0.7822201,-2.274506,0.1441855,-0.1494928,0.6829779,0.7002882,271.467,330.9682,185.0591
1.597587,1,0,-1.64,0,0,1,0,0,180,0,1.555319,0.8479112,-2.457825,-0.01948651,-0.1284838,0.9852352,0.1114622,347.6064,183.9358,344.7126,1.356214,0.8291117,-2.503709,0.1966483,-0.005371633,0.979846,0.03467564,355.9822,157.2975,0.1786904,1.939527,0.781275,-2.225057,0.1094249,-0.1376366,0.6913503,0.7007974,272.4107,278.4504,241.4228,1.850253,0.7822616,-2.274457,0.1442343,-0.1494268,0.6829632,0.7003067,271.4669,331.3469,184.6818
1.619754,1,0,-1.64,0,0,1,0,0,180,0,1.55524,0.8478904,-2.457902,-0.01949683,-0.1285143,0.9852324,0.1114507,347.608,183.9372,344.7089,1.356346,0.8294113,-2.503801,0.1968978,-0.005018023,0.9797892,0.0349175,355.9631,157.2665,0.2249948,1.93936,0.7811331,-2.225043,0.1094024,-0.1376318,0.6913307,0.7008213,272.4132,278.5202,241.3553,1.850129,0.7823737,-2.274548,0.1439771,-0.1493542,0.6829435,0.7003942,271.4796,330.9022,185.1538
1.630924,1,0,-1.64,0,0,1,0,0,180,0,1.555217,0.8478702,-2.457937,-0.01947701,-0.1284786,0.9852386,0.1114398,347.6088,183.9343,344.7134,1.356783,0.8291954,-2.503518,0.1965825,-0.005360473,0.9798614,0.03461721,355.989,157.3053,0.178354,1.939532,0.7812883,-2.225048,0.1094942,-0.13771,0.6914005,0.7007227,272.4079,278.2137,241.6478,1.850208,0.7823192,-2.27455,0.144043,-0.1493744,0.6829692,0.7003514,271.4731,330.9729,185.076
1.653231,1,0,-1.64,0,0,1,0,0,180,0,1.553754,0.8473539,-2.458145,-0.01946232,-0.1286945,0.9851668,0.1118268,347.5653,183.9418,344.6854,1.356879,0.8288788,-2.503431,0.1963354,-0.005892541,0.9799228,0.03418993,356.025,157.337,0.1077986,1.939433,0.781287,-2.225062,0.1094558,-0.1377062,0.6914467,0.700684,272.4085,278.0392,241.8258,1.850134,0.7823761,-2.274577,0.1439379,-0.1493874,0.6829362,0.7004024,271.4825,330.7,185.3565
1.664454,1,0,-1.64,0,0,1,0,0,180,0,1.553671,0.8473523,-2.458148,-0.01945634,-0.1286099,0.9851725,0.1118754,347.5593,183.9408,344.695,1.356592,0.8292382,-2.503781,0.1965314,-0.005504977,0.9798745,0.03451245,355.9975,157.312,0.1595104,1.939435,0.7812892,-2.225055,0.1095185,-0.1377061,0.6914235,0.7006971,272.4045,278.1409,241.719,1.850124,0.7823778,-2.274576,0.1439013,-0.1493904,0.68291,0.7004347,271.4881,330.638,185.4212
1.686441,1,0,-1.64,0,0,1,0,0,180,0,1.552152,0.846856,-2.458752,-0.01963948,-0.1286833,0.9851605,0.1118648,347.5636,183.9628,344.6842,1.356429,0.8294477,-2.503901,0.1966018,-0.005286884,0.9798501,0.03483783,355.9659,157.3024,0.1917089,1.936795,0.7793787,-2.22576,0.109832,-0.1374991,0.6917857,0.700331,272.3465,277.0895,242.7618,1.85014,0.7822525,-2.27452,0.1439495,-0.1493131,0.6829515,0.7004009,271.4792,330.9444,185.1172
1.697823,1,0,-1.64,0,0,1,0,0,180,0,1.55208,0.8464545,-2.45857,-0.01991379,-0.1285433,0.9852255,0.1114039,347.6199,183.985,344.7007,1.356479,0.8294911,-2.503876,0.1966795,-0.005303579,0.9798397,0.03468918,355.9822,157.2936,0.1867845,1.936687,0.7792947,-2.225784,0.109859,-0.1374669,0.6918189,0.7003003,272.3403,277.0033,242.8484,1.850139,0.7822514,-2.274517,0.1440011,-0.1493691,0.6829286,0.7004007,271.4807,330.9476,185.1051
1.719872,1,0,-1.64,0,0,1,0,0,180,0,1.54964,0.845616,-2.460016,-0.02112397,-0.1292906,0.9850626,0.1117565,347.6014,184.1403,344.5953,1.35637,0.8295385,-2.503993,0.1968437,-0.004980868,0.9798006,0.03490682,355.9651,157.2727,0.2287113,1.936695,0.7794212,-2.225747,0.1099202,-0.137407,0.6917816,0.7003393,272.3328,277.2193,242.6324,1.850228,0.7824008,-2.274589,0.1438822,-0.149351,0.6829572,0.7004011,271.4813,330.6253,185.4388
1.741919,1,0,-1.64,0,0,1,0,0,180,0,1.550742,0.8458831,-2.459423,-0.02091709,-0.1290766,0.9850885,0.1118141,347.5907,184.1146,344.6226,1.356461,0.8295521,-2.503978,0.1972031,-0.0044722,0.9797212,0.035175,355.9465,157.2282,0.2935296,1.936808,0.7795714,-2.22575,0.1098196,-0.1372051,0.6918448,0.7003322,272.3232,277.1577,242.7189,1.850386,0.7824494,-2.274553,0.1439006,-0.1495233,0.6829185,0.7003982,271.4878,330.1925,185.8558
1.764353,1,0,-1.64,0,0,1,0,0,180,0,1.550443,0.845753,-2.459546,-0.02097163,-0.1290412,0.9850932,0.1118032,347.5927,184.1203,344.6261,1.356499,0.829733,-2.503996,0.1972781,-0.004313191,0.9797028,0.03528842,355.9374,157.2186,0.3143123,1.937319,0.7796399,-2.225603,0.1098015,-0.1372326,0.691755,0.7004184,272.3311,277.4652,242.4106,1.850432,0.7824648,-2.274442,0.1438787,-0.1494665,0.6828449,0.7004866,271.4995,330.4524,185.6023
1.786323,1,0,-1.64,0,0,1,0,0,180,0,1.551842,0.8461242,-2.458768,-0.02122722,-0.1288014,0.9850872,0.1120843,347.5635,184.1514,344.649,1.356915,0.8298767,-2.503679,0.1974164,-0.003939317,0.9796672,0.03554465,355.9171,157.2005,0.3627891,1.937789,0.7800541,-2.225511,0.1098984,-0.1372418,0.6917632,0.7003933,272.3234,277.4504,242.4167,1.850495,0.7824398,-2.274444,0.1438974,-0.1494908,0.6828905,0.7004332,271.4919,330.3409,185.7103
1.79761,1,0,-1.64,0,0,1,0,0,180,0,1.551731,0.8460616,-2.458779,-0.02122641,-0.1287885,0.9850827,0.1121391,347.5572,184.1521,344.6501,1.357,0.8298899,-2.503654,0.1974333,-0.003861577,0.9796641,0.03554419,355.9189,157.1982,0.371598,1.937781,0.7800251,-2.22552,0.1099102,-0.1372935,0.6917465,0.7003977,272.3271,277.4638,242.398,1.850502,0.7824537,-2.274431,0.1439552,-0.1495683,0.682834,0.7004598,271.4988,330.3555,185.6845
1.819594,1,0,-1.64,0,0,1,0,0,180,0,1.552274,0.8458014,-2.45822,-0.0208688,-0.1284926,0.9851444,0.1120029,347.566,184.1047,344.6904,1.357475,0.8294004,-2.503217,0.1971502,-0.004304129,0.9797302,0.03524262,355.9427,157.2336,0.3137611,1.937767,0.7799972,-2.225472,0.1098636,-0.1373665,0.6917589,0.7003785,272.3355,277.3313,242.5284,1.850681,0.7826619,-2.274346,0.1438659,-0.1496047,0.6828488,0.700456,271.5006,329.9695,186.0748
1.830861,1,0,-1.64,0,0,1,0,0,180,0,1.552889,0.8464466,-2.458446,-0.02120123,-0.1286705,0.9851311,0.1118534,347.5889,184.1429,344.6665,1.357573,0.8293813,-2.503129,0.1971395,-0.004216035,0.9797323,0.03525472,355.9434,157.2345,0.3239056,1.937815,0.7801291,-2.225542,0.1097318,-0.137383,0.6918005,0.7003548,272.3453,277.1247,242.7444,1.850682,0.7826686,-2.274334,0.1438938,-0.1495581,0.6828347,0.7004738,271.5013,330.2201,185.8258
1.853104,1,0,-1.64,0,0,1,0,0,180,0,1.552305,0.8468417,-2.458661,-0.02151358,-0.1288776,0.9850627,0.1121569,347.5599,184.1868,344.6359,1.357545,0.8291505,-2.503038,0.1968809,-0.004830181,0.9797906,0.03500091,355.9579,157.2676,0.2479571,1.938637,0.7807474,-2.225255,0.1098507,-0.1375001,0.6918191,0.7002949,272.3434,276.9674,242.8823,1.850906,0.7827893,-2.274338,0.14406,-0.1496806,0.6828253,0.7004228,271.497,330.2976,185.7244
1.875273,1,0,-1.64,0,0,1,0,0,180,0,1.551342,0.8465873,-2.459062,-0.02188988,-0.129028,0.9849982,0.1124778,347.5298,184.2375,344.6111,1.356781,0.828851,-2.503554,0.196498,-0.005715984,0.9798825,0.03444112,356.0008,157.3168,0.1340112,1.938721,0.7808785,-2.225159,0.109874,-0.1374388,0.6917647,0.700357,272.3397,277.2392,242.6136,1.850801,0.7827674,-2.274349,0.1438364,-0.1495339,0.6828613,0.700465,271.4993,330.0921,185.9606
1.886578,1,0,-1.64,0,0,1,0,0,180,0,1.55381,0.8472282,-2.457747,-0.02119014,-0.128395,0.9850995,0.1124488,347.5196,184.148,344.6944,1.35684,0.8288273,-2.503538,0.1964607,-0.005698345,0.9798899,0.03444641,356.0006,157.3211,0.1359639,1.938752,0.7808978,-2.225136,0.109885,-0.137436,0.6917625,0.700358,272.3386,277.2533,242.5989,1.850824,0.7827818,-2.274347,0.1438785,-0.1495523,0.6828507,0.7004627,271.4993,330.1674,185.8802
1.908957,1,0,-1.64,0,0,1,0,0,180,0,1.553703,0.8471799,-2.457688,-0.0212158,-0.1284037,0.9850978,0.1124489,347.5201,184.1511,344.6931,1.356395,0.82909,-2.503861,0.1967159,-0.005609948,0.9798381,0.03447813,355.9991,157.2908,0.147674,1.938885,0.7808937,-2.225147,0.109869,-0.1373937,0.6917673,0.7003641,272.3367,277.2736,242.5833,1.850803,0.7827314,-2.27431,0.1439071,-0.1495097,0.6827905,0.7005246,271.5069,330.492,185.5568
1.931547,1,0,-1.64,0,0,1,0,0,180,0,1.553434,0.8470722,-2.458216,-0.02171017,-0.1286366,0.9850567,0.1124482,347.5287,184.2113,344.6596,1.356328,0.8291548,-2.503821,0.1966354,-0.005737996,0.9798544,0.03445295,355.999,157.3008,0.1323632,1.937814,0.7804058,-2.225717,0.1100284,-0.1375586,0.6919121,0.7001636,272.3289,276.6,243.2303,1.851189,0.7829857,-2.274374,0.1439431,-0.1495493,0.6828207,0.7004793,271.5013,330.4079,185.6347
1.953358,1,0,-1.64,0,0,1,0,0,180,0,1.552919,0.8468246,-2.458409,-0.02157558,-0.1286511,0.9850523,0.1124959,347.5213,184.1967,344.6592,1.356212,0.8294224,-2.504035,0.1968002,-0.00538548,0.9798145,0.03470427,355.9787,157.2797,0.1784043,1.936852,0.7801677,-2.226254,0.110606,-0.1375475,0.6919225,0.7000644,272.2807,276.707,243.0768,1.851128,0.7828764,-2.274346,0.1441068,-0.149621,0.6828824,0.7003702,271.4857,330.5106,185.5125
1.975451,1,0,-1.64,0,0,1,0,0,180,0,1.552953,0.8468981,-2.45847,-0.02193378,-0.1289062,0.9849894,0.1126858,347.5062,184.2446,344.6232,1.355915,0.829402,-2.504244,0.1969827,-0.005118784,0.9797719,0.0349114,355.9615,157.257,0.2138668,1.936849,0.7797782,-2.226134,0.1106043,-0.1375809,0.691817,0.7001625,272.2881,277.0806,242.7006,1.850764,0.7825361,-2.274376,0.1439301,-0.1497092,0.6829396,0.7003319,271.485,329.6348,186.3956
1.998058,1,0,-1.64,0,0,1,0,0,180,0,1.55165,0.8464233,-2.45891,-0.02225143,-0.1290817,0.9849231,0.1130017,347.4758,184.2888,344.5962,1.35623,0.8290881,-2.503769,0.1967466,-0.005480961,0.9798265,0.03465259,355.9824,157.2865,0.1662674,1.936807,0.7795066,-2.225879,0.1106811,-0.137504,0.6918307,0.7001519,272.2756,277.126,242.6552,1.850558,0.7824827,-2.274398,0.1439809,-0.1496974,0.6830063,0.700259,271.4726,329.6815,186.3457
2.020632,1,0,-1.64,0,0,1,0,0,180,0,1.550007,0.8458273,-2.459482,-0.02249999,-0.1293469,0.984854,0.1132512,347.4524,184.3252,344.5599,1.353362,0.827984,-2.505284,0.1972475,-0.005234635,0.9797004,0.03540035,355.904,157.2255,0.2130271,1.936679,0.7791204,-2.2256,0.1107069,-0.1374806,0.6918508,0.7001325,272.271,277.0786,242.7024,1.850281,0.7823712,-2.274429,0.1440452,-0.1496677,0.6830389,0.7002203,271.4649,329.8918,186.1326
2.042107,1,0,-1.64,0,0,1,0,0,180,0,1.549329,0.8453737,-2.459607,-0.0224009,-0.1293799,0.9848246,0.1134885,347.4239,184.3181,344.5554,1.353923,0.8285308,-2.504912,0.1975642,-0.004565959,0.97963,0.03567424,355.8884,157.1853,0.2958361,1.936825,0.7791852,-2.225682,0.1106931,-0.1375007,0.6918833,0.7000987,272.272,276.9284,242.8521,1.849938,0.7821236,-2.274451,0.1441078,-0.1494782,0.6829684,0.7003167,271.4715,330.817,185.2179
2.064191,1,0,-1.64,0,0,1,0,0,180,0,1.549171,0.844938,-2.459645,-0.0223958,-0.129308,0.9848314,0.1135124,347.4208,184.317,344.5637,1.354729,0.8291568,-2.504522,0.1975709,-0.004256326,0.97963,0.03567544,355.8953,157.1833,0.3307368,1.937871,0.7797976,-2.225178,0.1105464,-0.1372494,0.691198,0.7008477,272.3008,279.775,240.0382,1.849825,0.7819108,-2.274531,0.1441073,-0.1494688,0.6829705,0.7003168,271.471,330.8421,185.1936
2.075437,1,0,-1.64,0,0,1,0,0,180,0,1.549048,0.8448647,-2.459658,-0.02236479,-0.129292,0.9848348,0.1135069,347.4209,184.3131,344.566,1.354821,0.8290768,-2.504586,0.1975792,-0.004228675,0.9796281,0.03568501,355.8948,157.1822,0.3341015,1.937867,0.7797381,-2.225134,0.1105081,-0.1372613,0.691246,0.7008041,272.3021,279.5679,240.2474,1.84981,0.7818827,-2.274541,0.144063,-0.1495322,0.6829206,0.700361,271.481,330.6059,185.4282
2.097457,1,0,-1.64,0,0,1,0,0,180,0,1.550466,0.8450059,-2.458759,-0.02175184,-0.1287517,0.9849594,0.1131589,347.4488,184.2294,344.64,1.355813,0.8294634,-2.504037,0.1976915,-0.00371701,0.9796019,0.0358387,355.8892,157.1668,0.395653,1.938804,0.7808027,-2.225162,0.1107975,-0.1372113,0.691187,0.7008263,272.2785,279.9465,239.8492,1.849803,0.7819624,-2.274676,0.1439016,-0.1495215,0.682947,0.7003707,271.4835,330.1474,185.901
2.120049,1,0,-1.64,0,0,1,0,0,180,0,1.550294,0.8448081,-2.458668,-0.02177037,-0.1287029,0.9849643,0.1131676,347.4478,184.2311,344.6454,1.355157,0.8287483,-2.504209,0.1976904,-0.003488743,0.9795892,0.03621233,355.8524,157.1653,0.4298503,1.940428,0.7821926,-2.224713,0.1108234,-0.1369188,0.6912482,0.7008191,272.2522,280.05,239.7677,1.849928,0.7817346,-2.274804,0.1439679,-0.1498926,0.6828699,0.7003529,271.4957,329.2853,186.7268
2.142078,1,0,-1.64,0,0,1,0,0,180,0,1.549937,0.8441063,-2.458588,-0.02159097,-0.128635,0.9849763,0.1131755,347.4439,184.2096,344.6556,1.355583,0.8292844,-2.504125,0.1978024,-0.003085856,0.9795632,0.03633983,355.8473,157.1503,0.4785718,1.937923,0.780229,-2.225788,0.1111261,-0.1370587,0.6910844,0.7009053,272.2471,280.6328,239.1486,1.849676,0.7809119,-2.275378,0.1439678,-0.1509786,0.6826509,0.7003331,271.5413,326.3331,189.5889
2.16458,1,0,-1.64,0,0,1,0,0,180,0,1.550695,0.8460004,-2.459412,-0.02192114,-0.1287265,0.9850284,0.1125527,347.5204,184.2386,344.6456,1.356226,0.8299013,-2.504016,0.1978868,-0.002813295,0.9795433,0.0364402,355.8422,157.1391,0.5118925,1.937005,0.7790046,-2.225567,0.1107735,-0.1371448,0.6911827,0.7008474,272.276,280.0288,239.7744,1.85019,0.7813108,-2.275087,0.1438951,-0.1518264,0.6824495,0.7003611,271.5873,324.0448,191.8128
2.186327,1,0,-1.64,0,0,1,0,0,180,0,1.549721,0.8458,-2.459875,-0.0223631,-0.128914,0.9849643,0.1128116,347.4985,184.2964,344.616,1.356944,0.8300118,-2.503711,0.1980386,-0.002453753,0.9795123,0.03647581,355.8465,157.1199,0.5538102,1.936927,0.7788548,-2.225515,0.1113409,-0.1370381,0.690686,0.7012678,272.252,282.2639,237.5015,1.850809,0.782336,-2.274653,0.1442057,-0.1519961,0.6823304,0.7003765,271.5925,324.5593,191.2585
2.197583,1,0,-1.64,0,0,1,0,0,180,0,1.54963,0.8455227,-2.459846,-0.02257011,-0.1291315,0.984897,0.1131092,347.4687,184.3281,344.5855,1.35714,0.8303609,-2.503698,0.1981349,-0.002225749,0.9794912,0.0365342,355.8452,157.1076,0.5812097,1.93663,0.7790277,-2.225727,0.1113258,-0.1370875,0.6907524,0.7011953,272.2524,281.9472,237.8153,1.849918,0.782375,-2.27437,0.1440931,-0.1514779,0.6821523,0.7006853,271.6165,326.2094,189.6606
2.219718,1,0,-1.64,0,0,1,0,0,180,0,1.548276,0.8449768,-2.460346,-0.02278449,-0.1293203,0.9848312,0.1134227,347.4371,184.3606,344.5581,1.357654,0.8297658,-2.503226,0.1978416,-0.002700128,0.9795598,0.03625052,355.8661,157.1444,0.5201077,1.9364,0.7790301,-2.225826,0.1113793,-0.1370487,0.6909944,0.7009557,272.231,281.09,238.6714,1.855444,0.7868784,-2.27339,0.1455172,-0.1513807,0.6812018,0.7013364,271.6993,331.6436,184.1162
2.231045,1,0,-1.64,0,0,1,0,0,180,0,1.548018,0.8446991,-2.460236,-0.02304142,-0.1294823,0.9847673,0.11374,347.4056,184.3978,344.5333,1.357641,0.8300699,-2.503463,0.1979676,-0.002519192,0.9795308,0.0363582,355.8582,157.1287,0.5434594,1.936562,0.7791857,-2.225854,0.1112815,-0.1370119,0.690995,0.700978,272.2364,281.0917,238.6807,1.860149,0.78982,-2.272222,0.1464591,-0.1513343,0.6806034,0.7017312,271.757,334.8492,180.8362
2.253132,1,0,-1.64,0,0,1,0,0,180,0,1.547688,0.8444507,-2.460302,-0.02328605,-0.1295568,0.984719,0.1140232,347.3774,184.4318,344.5192,1.357525,0.830284,-2.503607,0.198018,-0.002405736,0.9795201,0.03637797,355.8586,157.1223,0.5568914,1.937793,0.7802058,-2.225529,0.1112516,-0.1369383,0.6910791,0.7009141,272.2288,280.8415,238.9395,1.863827,0.7917829,-2.270857,0.1469246,-0.1517872,0.6805067,0.7016299,271.7563,334.8408,180.7684
2.275135,1,0,-1.64,0,0,1,0,0,180,0,1.550097,0.8454332,-2.459095,-0.02266407,-0.1290881,0.9848074,0.1139173,347.3778,184.352,344.583,1.357768,0.8295162,-2.50311,0.1977063,-0.003111625,0.9795972,0.03594274,355.8913,157.1625,0.4662121,1.940028,0.7815654,-2.224411,0.1113214,-0.1363334,0.6906368,0.7014567,272.2083,283.3053,236.5198,1.864801,0.7924373,-2.270861,0.151759,-0.1470397,0.6902431,0.6920354,270.4088,57.00732,98.59753
2.286358,1,0,-1.64,0,0,1,0,0,180,0,1.550026,0.8453678,-2.459075,-0.02268175,-0.1291343,0.9848058,0.113875,347.3831,184.354,344.5777,1.357942,0.8297116,-2.503193,0.1976442,-0.003178085,0.9796111,0.0358995,355.8946,157.1701,0.4574871,1.940493,0.781828,-2.224643,0.1114011,-0.1363865,0.6906187,0.7014517,272.2067,283.3472,236.4669,1.864774,0.7915041,-2.270314,0.1548031,-0.1344085,0.6954331,0.6887257,271.7393,96.40336,59.99302
2.297674,1,0,-1.64,0,0,1,0,0,180,0,1.549948,0.8453203,-2.459041,-0.02270818,-0.129163,0.9847972,0.1139107,347.3795,184.358,344.5737,1.357749,0.8298761,-2.503457,0.1978205,-0.002899212,0.9795716,0.03602995,355.8864,157.1481,0.4925835,1.939472,0.7809102,-2.224976,0.1113523,-0.1363434,0.6907499,0.7013385,272.1995,282.8731,236.9487,1.865305,0.7915947,-2.269992,0.1534223,-0.1293899,0.696629,0.6887873,272.0484,96.53381,60.39106
2.319839,1,0,-1.64,0,0,1,0,0,180,0,1.549764,0.844963,-2.45928,-0.02273213,-0.1290607,0.9848223,0.1138057,347.3914,184.3577,344.5862,1.357418,0.8300462,-2.50365,0.1980286,-0.002703002,0.9795226,0.03623318,355.8681,157.1225,0.5201787,1.938616,0.7802258,-2.225207,0.1109494,-0.1363896,0.6909172,0.7012286,272.2244,281.9892,237.8619,1.862661,0.7898707,-2.270779,0.1596778,-0.1362827,0.6873014,0.6953753,272.0054,58.87808,96.95834
2.341968,1,0,-1.64,0,0,1,0,0,180,0,1.550312,0.8454769,-2.45936,-0.02299354,-0.1292008,0.9847925,0.1138518,347.3908,184.3905,344.5661,1.35771,0.8297989,-2.503352,0.197714,-0.003095281,0.9795984,0.03586935,355.8999,157.1617,0.4664108,1.93848,0.7803351,-2.225177,0.1108434,-0.1364983,0.6909552,0.7011868,272.238,281.6682,238.1826,1.861745,0.7894043,-2.2711,0.147045,-0.1363785,0.6957483,0.6897196,270.9927,107.9136,48.96363
2.364258,1,0,-1.64,0,0,1,0,0,180,0,1.551205,0.8458562,-2.458765,-0.02262842,-0.1292357,0.9848068,0.1137613,347.3957,184.3472,344.5673,1.357535,0.8301243,-2.503694,0.1979878,-0.002557157,0.9795298,0.03627281,355.8669,157.1267,0.5373228,1.939468,0.7813988,-2.225252,0.1104494,-0.1366476,0.6910631,0.7011135,272.2737,280.9238,238.9471,1.861299,0.7894704,-2.271417,0.1443095,-0.1355346,0.6958971,0.6903132,270.8428,111.0573,46.11612
2.375559,1,0,-1.64,0,0,1,0,0,180,0,1.551174,0.8458247,-2.458737,-0.02260968,-0.1292489,0.9848071,0.1137481,347.3969,184.345,344.5661,1.35755,0.8301866,-2.503627,0.198009,-0.002578784,0.9795266,0.03624336,355.8698,157.1243,0.5343061,1.939653,0.7811285,-2.224769,0.1100405,-0.1365094,0.6913804,0.7008919,272.2791,279.7237,240.1921,1.860598,0.7887521,-2.271789,0.146465,-0.1362667,0.695314,0.6903027,270.9207,104.6359,52.29868
2.397726,1,0,-1.64,0,0,1,0,0,180,0,1.550642,0.8456013,-2.459064,-0.02242338,-0.1293211,0.9848039,0.1137303,347.3964,184.3241,344.5601,1.357794,0.8297969,-2.503344,0.1976975,-0.003281541,0.9796028,0.03582467,355.9007,157.1644,0.4443633,1.9398,0.781633,-2.225074,0.1098879,-0.1366646,0.6912343,0.7010297,272.3105,280.0511,239.8644,1.858937,0.7878141,-2.272041,0.1494808,-0.1357679,0.6935614,0.6915165,271.1229,86.84457,69.88136
2.419911,1,0,-1.64,0,0,1,0,0,180,0,1.550108,0.8454619,-2.459465,-0.02273186,-0.1295633,0.984758,0.113791,347.3953,184.3639,344.5273,1.357423,0.8294868,-2.503428,0.1975892,-0.003581905,0.9796307,0.03562918,355.9158,157.1787,0.4056562,1.939623,0.7814336,-2.224991,0.1095765,-0.136556,0.6913655,0.7009702,272.3206,279.5709,240.3792,1.855223,0.7850738,-2.272414,0.1413117,-0.1405481,0.6889459,0.6968722,270.645,354.0068,163.0003
2.44193,1,0,-1.64,0,0,1,0,0,180,0,1.552402,0.8462774,-2.45835,-0.02220265,-0.1292142,0.9848399,0.1135837,347.4092,184.2947,344.5766,1.357485,0.8291498,-2.503432,0.1973207,-0.004128571,0.9796948,0.03529453,355.9409,157.2129,0.3354048,1.939226,0.7811184,-2.225091,0.1092296,-0.1365168,0.6914417,0.7009569,272.3416,279.215,240.7667,1.852707,0.7828196,-2.272756,0.1434512,-0.1451071,0.682791,0.7015427,271.5251,343.179,173.2721
2.464279,1,0,-1.64,0,0,1,0,0,180,0,1.551335,0.8461031,-2.458825,-0.02258441,-0.1292907,0.9848152,0.1136352,347.4096,184.3407,344.5624,1.357108,0.829145,-2.503443,0.1971556,-0.004699652,0.9797378,0.0349516,355.9665,157.2351,0.2626624,1.939405,0.7809579,-2.224951,0.1092803,-0.1366052,0.6912263,0.7011441,272.3556,279.9338,240.0364,1.849005,0.7806336,-2.274213,0.1451148,-0.1461795,0.6836702,0.7001203,271.3354,344.4092,171.8159
2.486656,1,0,-1.64,0,0,1,0,0,180,0,1.550354,0.8458492,-2.459286,-0.02298738,-0.1294275,0.9847755,0.113742,347.4043,184.3909,344.5404,1.356898,0.82918,-2.503613,0.1969344,-0.005216181,0.979787,0.03474412,355.9781,157.2633,0.1989129,1.938716,0.7804818,-2.225333,0.1093175,-0.1366753,0.6913676,0.7009854,272.3499,279.3501,240.6113,1.845114,0.7785289,-2.275604,0.1439642,-0.1475531,0.6839975,0.6997498,271.309,335.2686,180.938
2.508771,1,0,-1.64,0,0,1,0,0,180,0,1.550057,0.8455446,-2.459289,-0.02319801,-0.1295388,0.9847192,0.1140596,347.3718,184.422,344.5221,1.356835,0.8291572,-2.503565,0.1968371,-0.005481851,0.979814,0.03449186,356.0004,157.2761,0.1628972,1.938338,0.7805341,-2.225395,0.1092442,-0.1368024,0.6914484,0.7008923,272.3606,278.8945,241.0624,1.84383,0.7766547,-2.275368,0.1472427,-0.1513978,0.6828514,0.6993656,271.3797,333.6851,181.9312
2.531052,1,0,-1.64,0,0,1,0,0,180,0,1.549811,0.8452303,-2.459327,-0.02321893,-0.1294697,0.9847295,0.1140455,347.3734,184.4233,344.5301,1.356703,0.829219,-2.503667,0.1966175,-0.00584865,0.9798665,0.03419196,356.0258,157.3038,0.1139307,1.938333,0.7806197,-2.225422,0.10935,-0.1369971,0.6914954,0.7007914,272.3636,278.5507,241.3815,1.842778,0.7769601,-2.276605,0.1463412,-0.1509078,0.6831115,0.6994067,271.3713,332.2109,183.5207
2.552911,1,0,-1.64,0,0,1,0,0,180,0,1.549652,0.8451452,-2.459293,-0.0232623,-0.129455,0.9847292,0.1140564,347.3728,184.4283,344.5312,1.356178,0.8294875,-2.504142,0.1965515,-0.005882194,0.9798785,0.03421955,356.0219,157.3116,0.1105112,1.938134,0.7805923,-2.22538,0.1094064,-0.1368444,0.6914948,0.700813,272.3478,278.7281,241.2121,1.8397,0.7747774,-2.277171,0.1469841,-0.1525057,0.6821099,0.6999027,271.5096,330.5321,185.0134
2.564541,1,0,-1.64,0,0,1,0,0,180,0,1.549577,0.8450924,-2.459273,-0.02324445,-0.1294575,0.9847263,0.1140819,347.3696,184.4267,344.5309,1.356115,0.8293993,-2.504077,0.1965676,-0.005898737,0.9798768,0.03417339,356.0268,157.3098,0.1076707,1.938298,0.780736,-2.225381,0.1093256,-0.1367635,0.6914967,0.7008395,272.3487,278.781,241.1725,1.839919,0.775488,-2.277587,0.1462938,-0.1535662,0.6815773,0.7003341,271.63,326.5649,188.9495
2.58663,1,0,-1.64,0,0,1,0,0,180,0,1.549401,0.8450079,-2.459219,-0.02327228,-0.1294504,0.9847258,0.114088,347.3693,184.43,344.5314,1.355993,0.8294826,-2.504158,0.1967876,-0.005747992,0.9798292,0.0342991,356.0161,157.2833,0.1283762,1.938452,0.7806615,-2.225438,0.1093198,-0.1368635,0.6916448,0.7006747,272.3488,278.1241,241.8217,1.838305,0.7739493,-2.277424,0.1460085,-0.155322,0.6804529,0.7010994,271.8354,323.416,191.9758
2.60863,1,0,-1.64,0,0,1,0,0,180,0,1.549187,0.8448054,-2.459597,-0.02339663,-0.1294556,0.9847409,0.113927,347.3896,184.4417,344.5305,1.35553,0.8294802,-2.504405,0.1971775,-0.005193985,0.9797409,0.03466853,355.9871,157.2349,0.2006948,1.938598,0.7807091,-2.225278,0.1092745,-0.1368209,0.6913541,0.700977,272.3645,279.2324,240.7205,1.838276,0.7739348,-2.277429,0.145148,-0.1557189,0.6795624,0.7020532,272.0137,322.5409,192.8887
2.619991,1,0,-1.64,0,0,1,0,0,180,0,1.549106,0.8447609,-2.459587,-0.02338466,-0.1294291,0.9847401,0.1139658,347.3849,184.4406,344.5334,1.355754,0.8295417,-2.504206,0.1970888,-0.005152564,0.979759,0.03466632,355.9883,157.2451,0.2049424,1.938714,0.7807634,-2.22525,0.1093779,-0.1369621,0.6913546,0.7009327,272.3662,279.1151,240.8177,1.837609,0.773534,-2.277646,0.1451273,-0.1562606,0.678957,0.7025227,272.112,322.4053,192.9807
2.631449,1,0,-1.64,0,0,1,0,0,180,0,1.549034,0.8447191,-2.459586,-0.02337596,-0.1294027,0.9847431,0.1139722,347.3839,184.4394,344.5366,1.356379,0.8293965,-2.503624,0.1967677,-0.005516445,0.9798302,0.03442248,356.0074,157.2845,0.157149,1.938754,0.7807787,-2.225237,0.109385,-0.1369323,0.6913447,0.7009472,272.364,279.1851,240.7496,1.837075,0.773186,-2.277825,0.1449744,-0.1570684,0.6781234,0.703179,272.2544,321.8995,193.4316
2.65312,1,0,-1.64,0,0,1,0,0,180,0,1.548269,0.8447617,-2.460082,-0.02382493,-0.1297112,0.9847003,0.1138984,347.4007,184.494,344.4953,1.356704,0.8291638,-2.503514,0.196529,-0.006001339,0.9798896,0.03401031,356.0428,157.315,0.09227877,1.93868,0.7807801,-2.225245,0.1092439,-0.1369322,0.6912515,0.7010611,272.3803,279.4817,240.4645,1.834985,0.7715872,-2.278474,0.1446551,-0.1579926,0.6768643,0.7042499,272.4683,321.6726,193.6073
2.664449,1,0,-1.64,0,0,1,0,0,180,0,1.547811,0.8445445,-2.460283,-0.02396971,-0.1298446,0.9846698,0.1139796,347.3943,184.5139,344.4771,1.356708,0.8291551,-2.503498,0.1965922,-0.006013477,0.9798776,0.03398985,356.0448,157.3077,0.09070514,1.938694,0.780745,-2.225159,0.1092309,-0.136861,0.6911834,0.7011442,272.3801,279.8011,240.152,1.834437,0.7712137,-2.278687,0.1443619,-0.1590758,0.6756495,0.7052322,272.6773,321.1617,194.0517
2.686321,1,0,-1.64,0,0,1,0,0,180,0,1.547302,0.8442696,-2.460379,-0.02391645,-0.1299064,0.9846461,0.1141242,347.3773,184.511,344.4693,1.356536,0.8289644,-2.503558,0.1961414,-0.006783011,0.9799837,0.03338465,356.0955,157.3643,359.9886,1.937892,0.780122,-2.225591,0.1093847,-0.1369937,0.6913493,0.7009307,272.3681,279.1035,240.826,1.833744,0.7707115,-2.279328,0.1444034,-0.1583826,0.675972,0.7050705,272.616,321.9736,193.2941
2.708699,1,0,-1.64,0,0,1,0,0,180,0,1.546855,0.844005,-2.460514,-0.02404793,-0.1300097,0.9846033,0.1143478,347.3543,184.5313,344.4537,1.356194,0.8287475,-2.503596,0.1960487,-0.007470391,0.9800054,0.03314303,356.1072,157.378,359.9054,1.938142,0.7804868,-2.225337,0.1094052,-0.1369306,0.6914223,0.7008678,272.3582,278.9064,241.0267,1.835688,0.7725424,-2.278418,0.1433007,-0.1561289,0.6764318,0.7053572,272.564,323.8563,191.6901
2.719766,1,0,-1.64,0,0,1,0,0,180,0,1.54939,0.8449985,-2.459334,-0.02330112,-0.129612,0.9847012,0.1141112,347.3679,184.4358,344.5118,1.356198,0.8288966,-2.503735,0.196034,-0.007435965,0.9800109,0.03307503,356.1156,157.3797,359.9077,1.938138,0.7804968,-2.225309,0.1094136,-0.136947,0.6914043,0.7008811,272.3596,278.9586,240.9725,1.835301,0.7723139,-2.278602,0.1427506,-0.1556024,0.6765555,0.7054664,272.5638,323.8513,191.7844
2.741799,1,0,-1.64,0,0,1,0,0,180,0,1.549726,0.8448159,-2.458944,-0.0227704,-0.1291886,0.9848025,0.1138246,347.3904,184.3641,344.5706,1.355425,0.8294848,-2.504533,0.1964709,-0.006880652,0.9799157,0.03342148,356.0891,157.326,359.9798,1.938398,0.7804653,-2.22532,0.1093587,-0.1369914,0.6917115,0.7005777,272.3517,277.7553,242.1767,1.835865,0.7727672,-2.278349,0.1397811,-0.1536398,0.6771495,0.7059211,272.5879,322.303,193.7414
2.753216,1,0,-1.64,0,0,1,0,0,180,0,1.54966,0.8447403,-2.458876,-0.02278781,-0.129239,0.9847968,0.1138126,347.3923,184.3665,344.5645,1.355465,0.8293349,-2.504333,0.1964466,-0.006871384,0.979918,0.03350023,356.0805,157.3287,359.9825,1.938468,0.7805228,-2.225241,0.1093542,-0.1369922,0.6915652,0.7007228,272.3593,278.2981,241.6342,1.837079,0.7734417,-2.277783,0.1392236,-0.1527553,0.6772231,0.7061526,272.5881,323.014,193.1498
2.775087,1,0,-1.64,0,0,1,0,0,180,0,1.549791,0.8444684,-2.458718,-0.0225252,-0.1289739,0.9848665,0.1135626,347.4156,184.3285,344.601,1.355582,0.8290592,-2.504103,0.1962572,-0.007164663,0.9799599,0.03332245,356.0939,157.3522,359.9447,1.938759,0.7807227,-2.225283,0.1094656,-0.1370619,0.6914321,0.7008231,272.3622,278.7522,241.1652,1.837961,0.7744879,-2.278029,0.136886,-0.1505669,0.6776698,0.7066509,272.597,322.9991,193.5395
2.786816,1,0,-1.64,0,0,1,0,0,180,0,1.549751,0.8443831,-2.458647,-0.02248906,-0.1289455,0.9848701,0.1135704,347.414,184.3241,344.6047,1.355814,0.8289821,-2.503919,0.1960365,-0.00737113,0.9800066,0.03320226,356.1028,157.379,359.9179,1.937902,0.7802011,-2.225564,0.1094856,-0.1370824,0.6914912,0.7007576,272.3589,278.5179,241.3961,1.838066,0.7745203,-2.2782,0.1350796,-0.1490135,0.6780272,0.7069849,272.6041,322.7123,194.1042
2.808571,1,0,-1.64,0,0,1,0,0,180,0,1.550561,0.8455703,-2.459339,-0.02302226,-0.1291152,0.9848955,0.1130492,347.4825,184.3792,344.5822,1.355585,0.8291841,-2.504256,0.1962376,-0.007072898,0.9799622,0.03339155,356.0882,157.354,359.9565,1.93827,0.7803306,-2.225381,0.1095254,-0.1371092,0.6915386,0.7006994,272.3553,278.326,241.5825,1.839888,0.7756569,-2.277275,0.1308995,-0.1447525,0.6785938,0.7081119,272.6423,323.6164,193.8979
2.830753,1,0,-1.64,0,0,1,0,0,180,0,1.550247,0.845545,-2.459494,-0.0236503,-0.1293569,0.9848822,0.1127585,347.5265,184.45,344.5484,1.35579,0.8293782,-2.504093,0.1964155,-0.006738266,0.9799216,0.03360364,356.0719,157.3317,-0.0003098473,1.938441,0.7806259,-2.225187,0.1094671,-0.1370012,0.6914005,0.7008659,272.3593,278.9327,240.9896,1.840648,0.7762705,-2.276815,0.127165,-0.1406473,0.6791863,0.709051,272.655,324.7844,193.3774
2.853069,1,0,-1.64,0,0,1,0,0,180,0,1.549959,0.8455081,-2.459629,-0.02363831,-0.1293726,0.9848764,0.1127941,347.5223,184.4494,344.5464,1.356332,0.8293513,-2.503675,0.1962513,-0.006881912,0.979957,0.03350068,356.0802,157.3516,359.9805,1.938476,0.780733,-2.225273,0.1093711,-0.1368604,0.6913955,0.7009133,272.3573,279.0685,240.8733,1.842426,0.7772426,-2.276387,0.1223461,-0.1355113,0.6802236,0.7099042,272.631,325.5713,193.4118
2.875072,1,0,-1.64,0,0,1,0,0,180,0,1.549738,0.8454216,-2.45969,-0.02384683,-0.1295353,0.9848183,0.1130698,347.4948,184.4803,344.5224,1.356182,0.8291433,-2.503798,0.1961602,-0.006894986,0.9799747,0.03351523,356.0783,157.3623,359.979,1.938636,0.7806978,-2.225178,0.1093595,-0.1367556,0.6911995,0.7011288,272.3611,279.898,240.0533,1.843519,0.7779161,-2.276247,0.1155613,-0.1284728,0.6815383,0.7110878,272.6132,326.4581,193.6634
2.886378,1,0,-1.64,0,0,1,0,0,180,0,1.551912,0.8462099,-2.458646,-0.02313252,-0.1292063,0.9848955,0.1129224,347.4991,184.391,344.5712,1.356522,0.829315,-2.503577,0.1961536,-0.00680239,0.9799787,0.03345707,356.0869,157.3628,359.9881,1.938386,0.7804523,-2.225376,0.1094426,-0.1368009,0.6913708,0.7009381,272.3485,279.2453,240.6955,1.844578,0.7786392,-2.275924,0.113859,-0.1262564,0.6813344,0.7119542,272.677,328.1798,192.2639
2.897482,1,0,-1.64,0,0,1,0,0,180,0,1.551903,0.8461988,-2.45864,-0.02311476,-0.1292179,0.9848944,0.1129225,347.4988,184.3891,344.57,1.356256,0.8293208,-2.503828,0.1963184,-0.006671017,0.9799418,0.03359606,356.0742,157.3428,0.006698524,1.938768,0.7804968,-2.22508,0.1102066,-0.1369865,0.6913196,0.7008326,272.3027,279.4878,240.375,1.845494,0.7792947,-2.2758,0.1110153,-0.1239782,0.6815485,0.7125985,272.7266,327.7726,193.0921
2.919775,1,0,-1.64,0,0,1,0,0,180,0,1.550566,0.845683,-2.459113,-0.02338637,-0.1294547,0.9848219,0.1132275,347.4693,184.4287,344.5364,1.356345,0.8289702,-2.503789,0.1961062,-0.007071761,0.9799902,0.03334168,356.0938,157.3695,359.955,1.938398,0.780517,-2.225317,0.1100252,-0.1368207,0.6914673,0.7007478,272.2978,279.049,240.8424,1.846089,0.7798942,-2.275954,0.1038752,-0.1166819,0.6825549,0.7139426,272.7471,328.8289,193.2213
2.931121,1,0,-1.64,0,0,1,0,0,180,0,1.550514,0.8456643,-2.459112,-0.02338902,-0.1294422,0.9848235,0.1132269,347.4693,184.4288,344.5378,1.356018,0.8292695,-2.504139,0.1962519,-0.006663935,0.9799533,0.0336488,356.0685,157.3505,0.008418703,1.938411,0.7805166,-2.225319,0.1100212,-0.1368492,0.6914553,0.7007548,272.3007,279.0627,240.8266,1.846285,0.7799985,-2.276023,0.101907,-0.1146603,0.6825417,0.7145662,272.7935,329.4744,192.9029
2.953057,1,0,-1.64,0,0,1,0,0,180,0,1.552639,0.8463616,-2.458032,-0.02254507,-0.1288295,0.9849451,0.11304,347.4749,184.3202,344.6219,1.356307,0.828788,-2.5038,0.1961208,-0.007175129,0.9799911,0.03320555,356.1068,157.3684,359.9404,1.938464,0.780689,-2.225562,0.1098471,-0.1369269,0.691569,0.7006546,272.3146,278.4958,241.4014,1.850231,0.7828647,-2.27496,0.0956009,-0.1082035,0.6830323,0.7159744,272.8582,330.7762,192.6469
2.975455,1,0,-1.64,0,0,1,0,0,180,0,1.55266,0.8463299,-2.457921,-0.02257406,-0.1288764,0.9849364,0.1130562,347.4737,184.3244,344.6158,1.35578,0.8287636,-2.50419,0.1963246,-0.006972701,0.9799442,0.03342832,356.0863,157.3434,359.969,1.938416,0.7807282,-2.22554,0.1099071,-0.1370769,0.6915659,0.700619,272.3206,278.3682,241.5117,1.850499,0.7830507,-2.275221,0.0867506,-0.09972786,0.6836975,0.7176953,272.9489,331.5281,193.3127
2.997417,1,0,-1.64,0,0,1,0,0,180,0,1.551387,0.8461483,-2.459063,-0.02325354,-0.1293792,0.9848675,0.1129436,347.4993,184.4075,344.5492,1.353382,0.8279712,-2.505383,0.1968868,-0.006166043,0.9798051,0.03434713,356.0012,157.2731,0.08281951,1.938369,0.780705,-2.225338,0.1095913,-0.1369165,0.6916595,0.7006075,272.3299,278.0912,241.8279,1.850259,0.7828667,-2.275778,0.07590658,-0.08795854,0.6841887,0.7199911,273.0611,334.7393,191.9483
3.008492,1,0,-1.64,0,0,1,0,0,180,0,1.551363,0.8461519,-2.459083,-0.0232245,-0.1293488,0.9848711,0.1129534,347.4976,184.404,344.553,1.351886,0.8273345,-2.506051,0.1973303,-0.005400725,0.97969,0.03520172,355.9225,157.2168,0.1901686,1.938451,0.7806273,-2.225208,0.1095207,-0.136896,0.6915213,0.7007589,272.3412,278.6099,241.3167,1.849897,0.7825181,-2.27631,0.07161941,-0.08347823,0.6840972,0.72105,273.1451,335.9089,191.4936
3.03048,1,0,-1.64,0,0,1,0,0,180,0,1.551299,0.8461648,-2.459138,-0.02325604,-0.1293863,0.984863,0.1129745,347.4958,184.4084,344.5481,1.35096,0.8271877,-2.506364,0.1976871,-0.004755507,0.9795997,0.03580142,355.8698,157.1714,0.2779182,1.93856,0.7804982,-2.225181,0.1094886,-0.1369341,0.6915451,0.7007329,272.3451,278.4719,241.4541,1.849708,0.7827279,-2.276899,0.06205465,-0.07287758,0.6849566,0.7222691,273.1483,338.3475,190.6984
3.041631,1,0,-1.64,0,0,1,0,0,180,0,1.550599,0.8458284,-2.459236,-0.02333622,-0.1296473,0.9847929,0.113269,347.4646,184.4261,344.514,1.350688,0.8270898,-2.506443,0.197636,-0.004684943,0.97961,0.03580945,355.8705,157.1771,0.2858263,1.938594,0.7804689,-2.225156,0.1094893,-0.1369379,0.6915022,0.7007745,272.3477,278.6281,241.2975,1.849659,0.7827363,-2.277071,0.05400309,-0.06604671,0.6860813,0.7225053,273.109,336.8322,193.4251
3.064187,1,0,-1.64,0,0,1,0,0,180,0,1.551849,0.8462029,-2.458372,-0.02246382,-0.1292112,0.9848803,0.1131839,347.4589,184.3181,344.5768,1.353939,0.8281743,-2.504404,0.1972038,-0.004675694,0.9797109,0.03543041,355.9132,157.2284,0.2764325,1.938579,0.7805886,-2.225287,0.1095588,-0.1368738,0.6915822,0.7006972,272.3334,278.4164,241.5089,1.848742,0.7829528,-2.277654,0.04451872,-0.05583565,0.6857967,0.7242814,273.2509,339.5425,192.3158
3.086106,1,0,-1.64,0,0,1,0,0,180,0,1.55224,0.8463405,-2.45835,-0.02252373,-0.129018,0.9849651,0.1126536,347.5195,184.3136,344.603,1.35468,0.8284892,-2.504121,0.1969901,-0.004862279,0.9797612,0.03520193,355.9346,157.2546,0.2493557,1.936945,0.7795406,-2.225657,0.1093574,-0.1369001,0.6918208,0.7004879,272.3398,277.4375,242.5021,1.847496,0.7821223,-2.278228,0.03377476,-0.04490075,0.6859096,0.7255144,273.3338,341.1181,192.5009
3.108167,1,0,-1.64,0,0,1,0,0,180,0,1.552208,0.8467033,-2.458634,-0.02283852,-0.1291147,0.9849391,0.1127068,347.5187,184.3522,344.5873,1.354953,0.82854,-2.50399,0.1968277,-0.005199779,0.9798033,0.03489056,355.962,157.2755,0.2036388,1.936735,0.77959,-2.225702,0.1094943,-0.1368851,0.6918373,0.7004532,272.3268,277.426,242.5037,1.846798,0.781878,-2.278514,0.02127955,-0.03197119,0.6859902,0.7265965,273.4028,343.0899,192.5923
3.119405,1,0,-1.64,0,0,1,0,0,180,0,1.552189,0.8467394,-2.458654,-0.02286511,-0.1291232,0.9849361,0.1127184,347.5178,184.3555,344.5859,1.355097,0.8292543,-2.504332,0.197017,-0.004750481,0.9797609,0.03507674,355.9512,157.2513,0.2592095,1.936894,0.7794483,-2.22585,0.1095862,-0.1370109,0.6919957,0.7002577,272.321,276.7213,243.1906,1.846626,0.7817597,-2.278672,0.0140944,-0.02470852,0.6864345,0.726635,273.3695,343.6368,193.2173
3.141527,1,0,-1.64,0,0,1,0,0,180,0,1.554108,0.8473415,-2.457702,-0.02264572,-0.1288576,0.9849916,0.1125815,347.5289,184.3245,344.6209,1.355506,0.8292084,-2.504025,0.1968431,-0.005066293,0.9798012,0.03488336,355.9658,157.2732,0.2185626,1.935418,0.7785165,-2.226114,0.1094343,-0.1370531,0.6921077,0.7001625,272.3313,276.2195,243.7013,1.845171,0.780597,-2.278654,-0.005301194,-0.006862113,0.68695,0.7266529,273.3652,342.9039,196.9696
3.163865,1,0,-1.64,0,0,1,0,0,180,0,1.553161,0.847109,-2.458349,-0.02272169,-0.1291656,0.984942,0.1126471,347.5239,184.3383,344.5833,1.355723,0.8295947,-2.504173,0.1969805,-0.004841938,0.9797761,0.03484371,355.9753,157.2563,0.24348,1.934492,0.7776596,-2.226223,0.1091678,-0.1372123,0.6925122,0.6997729,272.3475,274.48,245.4495,1.844623,0.780766,-2.27915,-0.01551857,0.006702136,0.6850946,0.728258,273.5702,349.3564,192.445
3.186047,1,0,-1.64,0,0,1,0,0,180,0,1.553193,0.8471459,-2.458387,-0.0227558,-0.1291643,0.9849467,0.1125997,347.5298,184.3414,344.5834,1.35563,0.8297079,-2.504322,0.1971102,-0.004705061,0.9797478,0.03492336,355.9695,157.2404,0.2612254,1.934097,0.7775271,-2.226656,0.1090938,-0.1371226,0.6926104,0.6997048,272.3428,274.1752,245.7678,1.84437,0.7810195,-2.279876,-0.02741469,0.01872151,0.685071,0.7277195,273.5273,350.3495,193.3913
3.208224,1,0,-1.64,0,0,1,0,0,180,0,1.553089,0.8467991,-2.458336,-0.02266321,-0.1292556,0.9849148,0.1127934,347.5067,184.3352,344.5722,1.355851,0.8292795,-2.503995,0.1969692,-0.005039461,0.9797821,0.03471092,355.9858,157.2586,0.2181918,1.937098,0.7797272,-2.225513,0.1093023,-0.1370179,0.6925747,0.6997281,272.3194,274.4394,245.4952,1.844263,0.7813761,-2.280332,-0.04061332,0.03180905,0.685108,0.7266125,273.4383,350.9602,194.9133
3.219424,1,0,-1.64,0,0,1,0,0,180,0,1.553103,0.8467965,-2.45834,-0.02267504,-0.1293068,0.9849083,0.1127887,347.5077,184.3371,344.5661,1.355757,0.8296416,-2.504124,0.1970443,-0.004677446,0.9797611,0.03492823,355.9696,157.248,0.2641725,1.936925,0.7793245,-2.225653,0.109145,-0.1372102,0.6930306,0.6992635,272.3295,272.4872,247.4445,1.845148,0.7793791,-2.277668,-0.05185732,0.03813092,0.6851345,0.7255671,273.4603,344.8982,202.4017
3.241482,1,0,-1.64,0,0,1,0,0,180,0,1.555456,0.847694,-2.457287,-0.0221819,-0.1289791,0.984981,0.1126268,347.5171,184.2732,344.6121,1.35597,0.8297943,-2.504194,0.1972726,-0.004352113,0.97971,0.03511377,355.9561,157.2197,0.3059408,1.936938,0.7796885,-2.225963,0.1093863,-0.1371723,0.6928163,0.6994455,272.3147,273.3765,246.5385,1.844627,0.7786213,-2.277971,-0.07044998,0.05328887,0.6861115,0.7221137,273.2321,339.536,210.5072
3.263848,1,0,-1.64,0,0,1,0,0,180,0,1.555517,0.8477092,-2.457299,-0.02208728,-0.12899,0.984984,0.1126073,347.5179,184.262,344.6121,1.356067,0.8298312,-2.504206,0.1973664,-0.004074984,0.9796859,0.03529071,355.9426,157.2073,0.3415385,1.936789,0.7794848,-2.225934,0.109108,-0.1371512,0.6931151,0.6991971,272.3253,272.2065,247.733,1.844646,0.7794381,-2.278597,-0.08766907,0.06758798,0.6879202,0.7172949,272.8834,331.9476,220.662
3.28588,1,0,-1.64,0,0,1,0,0,180,0,1.554426,0.847438,-2.457762,-0.02260576,-0.1291225,0.984934,0.1127889,347.5058,184.3267,344.5887,1.353751,0.8278725,-2.505239,0.1974904,-0.004318221,0.9796506,0.03554818,355.9082,157.1933,0.3205379,1.936563,0.779231,-2.225819,0.1088366,-0.1372776,0.6933507,0.6989809,272.3494,271.1732,248.7783,1.84389,0.7795908,-2.279094,-0.09576751,0.07519023,0.6871012,0.7162869,272.8937,331.7598,222.131
3.308223,1,0,-1.64,0,0,1,0,0,180,0,1.551882,0.8465347,-2.458772,-0.02281608,-0.1295543,0.9848489,0.1129948,347.4874,184.3601,344.5336,1.354239,0.8279456,-2.504558,0.1971835,-0.004593908,0.9797181,0.03535482,355.9236,157.2306,0.2838348,1.936614,0.7794295,-2.225869,0.1095291,-0.1373679,0.6929768,0.6992257,272.3119,272.5949,247.2922,1.843861,0.7819203,-2.281299,-0.1069794,0.08808983,0.687326,0.7130068,272.5833,331.594,224.2667
3.319363,1,0,-1.64,0,0,1,0,0,180,0,1.554462,0.8474134,-2.457396,-0.02203491,-0.1290612,0.9849415,0.1129074,347.4832,184.2619,344.602,1.354817,0.8283762,-2.504423,0.1971398,-0.004595954,0.9797336,0.03516762,355.9445,157.2361,0.279172,1.937486,0.7802629,-2.225649,0.1096244,-0.1371975,0.692743,0.6994759,272.2999,273.6688,246.2245,1.843731,0.7825529,-2.281396,-0.1114588,0.09472608,0.6856693,0.7130649,272.6013,336.9696,219.8013
3.330711,1,0,-1.64,0,0,1,0,0,180,0,1.554038,0.8473991,-2.457952,-0.02230403,-0.1292514,0.9849186,0.1128364,347.4962,184.2943,344.5769,1.354615,0.828804,-2.504772,0.1974225,-0.004329358,0.979669,0.03541768,355.9226,157.2015,0.3160323,1.938247,0.7806256,-2.225291,0.1096737,-0.1370769,0.6926854,0.6995488,272.2892,274.0109,245.8884,1.844107,0.7837088,-2.282576,-0.115475,0.09847286,0.684882,0.7126747,272.6402,337.2476,220.1598
3.35253,1,0,-1.64,0,0,1,0,0,180,0,1.553596,0.8473725,-2.458052,-0.02266788,-0.1293666,0.9848614,0.1131309,347.4688,184.3428,344.5565,1.354955,0.8293929,-2.504706,0.197614,-0.003907641,0.9796277,0.03553785,355.9187,157.1772,0.3670242,1.937429,0.7798891,-2.225672,0.1096365,-0.1371833,0.6929008,0.6993205,272.292,273.0653,246.8283,1.845904,0.7839419,-2.280735,-0.124314,0.1100164,0.6824988,0.711785,272.6409,343.5186,215.562
3.363722,1,0,-1.64,0,0,1,0,0,180,0,1.554186,0.8473138,-2.457528,-0.02192113,-0.1289916,0.984936,0.1130563,347.4641,184.2504,344.6104,1.354938,0.8292809,-2.504569,0.197686,-0.003917193,0.9796069,0.03571118,355.899,157.1685,0.3701979,1.937493,0.7798099,-2.225608,0.1098973,-0.1372827,0.6929066,0.6992543,272.2777,272.9822,246.8818,1.845669,0.7840316,-2.280267,-0.1279637,0.1157654,0.681142,0.711526,272.6531,348.0526,211.8008
3.386119,1,0,-1.64,0,0,1,0,0,180,0,1.554252,0.8473279,-2.457416,-0.0219233,-0.1289447,0.9849423,0.1130552,347.4641,184.25,344.616,1.356037,0.8300104,-2.504134,0.1979556,-0.003024523,0.979543,0.03605416,355.8809,157.1327,0.4796039,1.937464,0.7798854,-2.225412,0.1096425,-0.1371697,0.6927872,0.6994348,272.2946,273.5234,246.3707,1.845079,0.784088,-2.280439,-0.1388509,0.1280351,0.67853,0.7098764,272.6871,351.8444,209.9176
3.397297,1,0,-1.64,0,0,1,0,0,180,0,1.554267,0.847337,-2.457355,-0.02194708,-0.1290091,0.9849325,0.1130625,347.4639,184.2537,344.608,1.356211,0.829837,-2.504069,0.197853,-0.002983644,0.9795644,0.03603961,355.8834,157.1446,0.4834396,1.937575,0.7799125,-2.225549,0.1097133,-0.1371704,0.6926863,0.6995234,272.2928,273.9272,245.9611,1.844621,0.784053,-2.280618,-0.1459597,0.1364308,0.6767016,0.7086306,272.7002,354.9042,208.1388
3.419219,1,0,-1.64,0,0,1,0,0,180,0,1.553988,0.8475063,-2.457859,-0.02245266,-0.1290973,0.9849013,0.1131334,347.464,184.3145,344.5908,1.353528,0.8284729,-2.505403,0.198258,-0.002843026,0.9794624,0.03659306,355.8246,157.0954,0.5136209,1.938066,0.780356,-2.22546,0.1099524,-0.1370595,0.6925215,0.6996709,272.2716,274.714,245.1638,1.844468,0.7832239,-2.280588,-0.1560905,0.1469645,0.6739473,0.7069882,272.7776,356.9373,207.8181
3.43046,1,0,-1.64,0,0,1,0,0,180,0,1.554007,0.8475367,-2.457851,-0.02241445,-0.129121,0.9848998,0.1131274,347.4642,184.3103,344.5885,1.354539,0.8289276,-2.504858,0.1984163,-0.002480778,0.9794273,0.03670293,355.8206,157.0752,0.557572,1.937189,0.7797499,-2.225803,0.1098347,-0.1371355,0.6928637,0.6993355,272.2736,273.2766,246.6046,1.84427,0.7831805,-2.28075,-0.1606424,0.1511044,0.6729378,0.7060569,272.7929,356.6727,208.8045
3.452689,1,0,-1.64,0,0,1,0,0,180,0,1.555167,0.8478218,-2.457273,-0.0221606,-0.1289031,0.9849525,0.112967,347.4776,184.2755,344.6186,1.355337,0.8291897,-2.504479,0.1985307,-0.002244262,0.9794044,0.03670729,355.8255,157.0609,0.5847735,1.936795,0.7795353,-2.225675,0.1096809,-0.1372342,0.6930807,0.6991252,272.2859,272.3159,247.5698,1.843573,0.7833138,-2.281414,-0.1748587,0.1655594,0.6698975,0.7023189,272.7333,357.9283,209.937
3.474675,1,0,-1.64,0,0,1,0,0,180,0,1.555304,0.8478955,-2.457413,-0.02228704,-0.1288635,0.9849611,0.1129123,347.4856,184.2886,344.6221,1.356307,0.8291745,-2.503777,0.1982313,-0.002619886,0.9794785,0.03632281,355.86,157.0983,0.5324369,1.936548,0.779408,-2.225823,0.1095858,-0.1371922,0.6931584,0.6990713,272.2877,272.0377,247.8593,1.841284,0.782491,-2.281045,-0.1853872,0.1793536,0.66572,0.7002006,272.8366,5.025472,204.8762
3.485993,1,0,-1.64,0,0,1,0,0,180,0,1.555362,0.8479248,-2.457405,-0.02228393,-0.1288771,0.9849589,0.1129164,347.4852,184.2885,344.6205,1.35646,0.8286985,-2.503501,0.1980955,-0.003179506,0.9795187,0.03593482,355.8908,157.1172,0.4600285,1.937226,0.7801319,-2.225647,0.1096324,-0.1370875,0.6931685,0.6990745,272.2757,272.091,247.8108,1.840854,0.7823847,-2.281264,-0.1912691,0.186989,0.6636931,0.6985433,272.8453,8.516834,202.5204
3.508101,1,0,-1.64,0,0,1,0,0,180,0,1.555445,0.8479887,-2.457402,-0.02230849,-0.1288673,0.9849555,0.1129526,347.4814,184.2918,344.6211,1.356425,0.8286185,-2.503721,0.1979267,-0.003540628,0.9795652,0.0355598,355.9247,157.1391,0.4101273,1.937886,0.7805161,-2.225405,0.1098789,-0.1369174,0.6926552,0.6995777,272.2617,274.3085,245.587,1.839697,0.7815511,-2.280872,-0.2052847,0.198846,0.6594803,0.6952728,272.947,6.41231,206.808
3.519509,1,0,-1.64,0,0,1,0,0,180,0,1.555514,0.8479361,-2.457548,-0.02251912,-0.1289553,0.9849318,0.1130174,347.4776,184.3184,344.6076,1.356394,0.8288183,-2.503786,0.1976839,-0.004001235,0.9796211,0.03532131,355.9409,157.1698,0.3518513,1.938146,0.7804008,-2.225422,0.1099822,-0.1370309,0.6926956,0.6994994,272.2601,274.0581,245.8197,1.838769,0.7812722,-2.280587,-0.2122662,0.208497,0.6575226,0.6921966,272.8264,11.11058,203.5182
3.541478,1,0,-1.64,0,0,1,0,0,180,0,1.554694,0.8476628,-2.457653,-0.02279784,-0.1291716,0.9848499,0.1134272,347.4361,184.3603,344.5754,1.355987,0.8294642,-2.504369,0.1977038,-0.003861692,0.9796129,0.03545259,355.9294,157.1667,0.3706269,1.938478,0.7804819,-2.225152,0.1101057,-0.1369451,0.6924692,0.6997208,272.2528,275.0569,244.8178,1.837479,0.7816077,-2.280671,-0.2241701,0.2205971,0.6529662,0.6889992,272.9343,12.67382,203.9996
3.552912,1,0,-1.64,0,0,1,0,0,180,0,1.553525,0.8474371,-2.457994,-0.02299525,-0.1294108,0.9847939,0.1136004,347.4205,184.3892,344.5434,1.355988,0.8295794,-2.504358,0.1977354,-0.003830169,0.9796056,0.03548373,355.9266,157.1628,0.3750153,1.938604,0.780605,-2.22522,0.1101839,-0.136925,0.6924062,0.6997747,272.2478,275.3406,244.5293,1.837409,0.7818233,-2.280921,-0.2290169,0.2256867,0.6519379,0.6867269,272.8321,13.29303,204.2291
3.574677,1,0,-1.64,0,0,1,0,0,180,0,1.553433,0.847545,-2.457921,-0.02300508,-0.1294336,0.9847829,0.1136677,347.4131,184.3917,344.5401,1.355946,0.8289605,-2.504121,0.19732,-0.004768366,0.9797059,0.03490509,355.9702,157.2162,0.2545511,1.938945,0.7807999,-2.225164,0.1102232,-0.1369732,0.6924013,0.699764,272.2481,275.3204,244.5423,1.836882,0.7815421,-2.280921,-0.2426469,0.238665,0.6473933,0.681941,272.8181,13.32908,206.4785
3.586198,1,0,-1.64,0,0,1,0,0,180,0,1.553416,0.8475623,-2.457911,-0.0229963,-0.1295252,0.9847741,0.113642,347.4163,184.3915,344.5296,1.355971,0.8291144,-2.504123,0.1973625,-0.004725973,0.9796988,0.03487049,355.9751,157.2111,0.2587101,1.938948,0.7809496,-2.225161,0.1102505,-0.1370028,0.6922427,0.6999108,272.2551,275.9229,243.9351,1.835845,0.7815003,-2.281245,-0.2482128,0.2440004,0.6442901,0.6809879,272.9933,13.82707,206.9233
3.608207,1,0,-1.64,0,0,1,0,0,180,0,1.552085,0.8467416,-2.458538,-0.02317747,-0.1296254,0.9847443,0.1137484,347.4074,184.4155,344.5147,1.355543,0.8293735,-2.504463,0.1975257,-0.004516643,0.979659,0.03509152,355.955,157.1908,0.2879658,1.938138,0.7803956,-2.225363,0.1102857,-0.1370184,0.6922683,0.6998768,272.2524,275.8141,244.0397,1.834953,0.7813405,-2.281546,-0.263814,0.2618624,0.6416132,0.6709418,272.3818,18.01904,205.633
3.630285,1,0,-1.64,0,0,1,0,0,180,0,1.551191,0.845912,-2.458979,-0.02337181,-0.1298089,0.9846901,0.1139683,347.3861,184.4441,344.4889,1.355982,0.8290529,-2.504003,0.1970423,-0.005424302,0.9797757,0.03441622,356.0103,157.252,0.1684975,1.938153,0.7805359,-2.225334,0.1102445,-0.1370081,0.6921898,0.699963,272.2583,276.1244,243.7336,1.834409,0.7819576,-2.281832,-0.2729295,0.2752355,0.636211,0.6670761,272.5081,27.08449,198.5389
3.652766,1,0,-1.64,0,0,1,0,0,180,0,1.55273,0.8462458,-2.458073,-0.02306534,-0.1294309,0.9847801,0.1136833,347.4122,184.3989,344.5395,1.356019,0.8287902,-2.503954,0.196849,-0.00585796,0.9798255,0.03403179,356.0436,157.2769,0.1101955,1.937765,0.7800457,-2.225368,0.1101267,-0.1370314,0.6921822,0.6999846,272.2698,276.1049,243.7608,1.834466,0.7822769,-2.281833,-0.2819146,0.2823164,0.6309056,0.665417,272.7969,24.18824,202.8544
3.674652,1,0,-1.64,0,0,1,0,0,180,0,1.552878,0.8463745,-2.457839,-0.02306643,-0.1293448,0.9848101,0.1135211,347.4303,184.3952,344.5509,1.355645,0.8293396,-2.504405,0.1969439,-0.005565366,0.9798017,0.03421626,356.0295,157.2644,0.1476883,1.937821,0.7801464,-2.225545,0.1102338,-0.1370499,0.6921531,0.6999928,272.264,276.2241,243.6313,1.834284,0.7823387,-2.281855,-0.2918488,0.293299,0.6263518,0.6606688,272.7835,26.8688,202.0293
3.686009,1,0,-1.64,0,0,1,0,0,180,0,1.553319,0.8466604,-2.457913,-0.02281433,-0.129177,0.9848462,0.11345,347.4338,184.3627,344.5744,1.355574,0.8296052,-2.504472,0.1971153,-0.005180555,0.979765,0.03434089,356.0242,157.2427,0.1945164,1.937921,0.7801715,-2.225462,0.1102327,-0.1370682,0.6920942,0.7000476,272.2681,276.4356,243.4185,1.832929,0.7828237,-2.281495,-0.3001941,0.3021295,0.620147,0.6588011,273.1364,28.08458,202.3518
3.708197,1,0,-1.64,0,0,1,0,0,180,0,1.553399,0.8470489,-2.458111,-0.02310003,-0.1294592,0.9847997,0.1134742,347.4367,184.3998,344.5374,1.355747,0.8296849,-2.50436,0.1973162,-0.005002905,0.9797202,0.0344918,356.0114,157.2182,0.2187521,1.936881,0.7794748,-2.225786,0.1100269,-0.1370075,0.692241,0.6999468,272.2735,275.8776,243.9984,1.831486,0.781877,-2.280703,-0.3097261,0.3132333,0.612347,0.6564952,273.5891,30.69163,201.6074
3.720362,1,0,-1.64,0,0,1,0,0,180,0,1.553388,0.8470478,-2.458121,-0.02309064,-0.1294451,0.9848076,0.1134235,347.4423,184.3976,344.5396,1.355828,0.8295037,-2.504303,0.1973705,-0.004915102,0.9797066,0.03457918,356.0035,157.2114,0.23084,1.936815,0.7793902,-2.225762,0.1100077,-0.1369863,0.69232,0.6998758,272.2703,275.5854,244.2939,1.831292,0.781848,-2.280955,-0.3153999,0.3203519,0.6108806,0.6517074,273.3328,33.64247,199.8109
3.741631,1,0,-1.64,0,0,1,0,0,180,0,1.554587,0.8477716,-2.457311,-0.02291255,-0.1292871,0.9848206,0.1135265,347.4271,184.3768,344.5596,1.355732,0.8289171,-2.504208,0.19707,-0.005568117,0.9797786,0.03414988,356.037,157.2498,0.1463849,1.936779,0.7792915,-2.225799,0.1100509,-0.1369503,0.6923657,0.6998308,272.2621,275.4498,244.429,1.830902,0.7812234,-2.280596,-0.3281848,0.3343048,0.6031471,0.6455607,273.4728,36.15843,199.7371
3.763558,1,0,-1.64,0,0,1,0,0,180,0,1.552648,0.8468511,-2.458461,-0.02306401,-0.1295347,0.984795,0.1134357,347.4409,184.396,344.5293,1.355532,0.8294672,-2.504518,0.1972689,-0.005135604,0.9797315,0.03442102,356.0163,157.2244,0.2020189,1.936752,0.7794458,-2.225699,0.1100869,-0.1368532,0.6924133,0.6997971,272.2498,275.3641,244.5197,1.829579,0.7807194,-2.280293,-0.3347375,0.344312,0.6001171,0.639734,273.303,42.29545,195.1224
3.775046,1,0,-1.64,0,0,1,0,0,180,0,1.554371,0.8473817,-2.457509,-0.02264002,-0.1292599,0.9848544,0.1133187,347.4464,184.3414,344.5679,1.355479,0.8292974,-2.504354,0.1973117,-0.005083663,0.9797235,0.03441024,356.0187,157.2192,0.2077935,1.937108,0.7794905,-2.225608,0.110164,-0.1369923,0.6922472,0.6999221,272.261,275.8977,243.9683,1.828872,0.7808065,-2.279648,-0.3406486,0.3488168,0.5965545,0.6375015,273.3837,40.4734,197.9107
3.797021,1,0,-1.64,0,0,1,0,0,180,0,1.553874,0.8473306,-2.457883,-0.02281483,-0.1294866,0.9848303,0.1132352,347.4597,184.3631,344.5397,1.355773,0.8289666,-2.504112,0.1971209,-0.005527296,0.9797679,0.03417107,356.0355,157.2437,0.1516657,1.936966,0.7797497,-2.225696,0.1100882,-0.1369572,0.6922076,0.69998,272.2665,276.0712,243.8039,1.827864,0.7807878,-2.278845,-0.347839,0.357522,0.5920901,0.6329419,273.4024,43.26748,196.5983
3.819492,1,0,-1.64,0,0,1,0,0,180,0,1.552752,0.8468038,-2.458456,-0.0229567,-0.1297115,0.9847775,0.113407,347.4433,184.3853,344.5101,1.355892,0.8294632,-2.504316,0.1974615,-0.005113646,0.9796945,0.03437161,356.0224,157.2019,0.2041512,1.937031,0.7797745,-2.225703,0.1099969,-0.1368611,0.6921818,0.7000386,272.2681,276.2476,243.643,1.827505,0.7807686,-2.278241,-0.3555021,0.3647068,0.5894403,0.6270306,273.1362,44.38672,196.8684
3.830516,1,0,-1.64,0,0,1,0,0,180,0,1.5527,0.8467675,-2.458496,-0.0230048,-0.1297566,0.9847737,0.1133788,347.4474,184.391,344.5044,1.355903,0.8293598,-2.50426,0.1973454,-0.005124765,0.9797136,0.03449467,356.0083,157.2153,0.2052235,1.937219,0.7797123,-2.225687,0.1101088,-0.137065,0.692251,0.6999127,272.2707,275.7989,244.0656,1.827254,0.7809169,-2.278093,-0.3571708,0.3660721,0.5874973,0.6271102,273.2902,43.43622,198.1075
3.852315,1,0,-1.64,0,0,1,0,0,180,0,1.551001,0.8459764,-2.459157,-0.02321994,-0.1299663,0.9847297,0.1134771,347.4405,184.4202,344.4763,1.355935,0.8295125,-2.504295,0.1975045,-0.004689384,0.9796782,0.03465182,356.0005,157.1947,0.2584388,1.936284,0.7790176,-2.225939,0.1101288,-0.1370096,0.6923365,0.6998358,272.2614,275.522,244.3454,1.826671,0.7804586,-2.27751,-0.3632523,0.370314,0.5844018,0.624011,273.2604,41.36854,201.1511
3.863662,1,0,-1.64,0,0,1,0,0,180,0,1.550906,0.845933,-2.4592,-0.02320852,-0.1299639,0.9847289,0.1134892,347.439,184.4191,344.4766,1.356263,0.8297622,-2.504125,0.1976752,-0.004311874,0.9796399,0.03480938,355.9914,157.173,0.3052028,1.936386,0.7791299,-2.225914,0.1101726,-0.1370302,0.6923118,0.6998494,272.2604,275.6078,244.2544,1.826237,0.780673,-2.277417,-0.3640341,0.3742569,0.5846396,0.620973,273.0587,47.19693,195.7679
3.885766,1,0,-1.64,0,0,1,0,0,180,0,1.549416,0.8451395,-2.459725,-0.02348945,-0.1303856,0.9846132,0.11395,347.3927,184.4649,344.4197,1.356299,0.8297871,-2.504117,0.1978157,-0.003975859,0.9796034,0.0350765,355.9691,157.1548,0.3496746,1.935239,0.7783818,-2.226115,0.1102205,-0.1369794,0.6923639,0.6998002,272.2505,275.4618,244.4006,1.826115,0.7809498,-2.276559,-0.3736742,0.3821251,0.5808076,0.6140118,272.7763,46.59536,198.0365
3.897197,1,0,-1.64,0,0,1,0,0,180,0,1.549275,0.8450617,-2.459773,-0.02348364,-0.130386,0.9846156,0.113931,347.3947,184.4639,344.4199,1.356169,0.8299716,-2.50431,0.1979789,-0.003774466,0.9795606,0.03537307,355.9404,157.1343,0.3797729,1.935279,0.7783748,-2.226235,0.1103874,-0.1370111,0.6922235,0.6999065,272.2453,276.02,243.8261,1.825702,0.7809196,-2.275962,-0.3779542,0.386106,0.580331,0.6093347,272.4413,48.40918,197.0119
3.919018,1,0,-1.64,0,0,1,0,0,180,0,1.54886,0.844826,-2.45998,-0.0236003,-0.1304565,0.9845852,0.1140884,347.3789,184.481,344.4089,1.35694,0.8295273,-2.503605,0.1975157,-0.004252229,0.9796648,0.03501996,355.9691,157.1911,0.3160517,1.935586,0.7784073,-2.225971,0.1106495,-0.136956,0.6919958,0.7001011,272.2305,277.0392,242.7899,1.825108,0.7814776,-2.275277,-0.3887579,0.3947908,0.5779744,0.599127,271.7822,49.56884,197.7313
3.930492,1,0,-1.64,0,0,1,0,0,180,0,1.548706,0.8447493,-2.460026,-0.0236282,-0.1304905,0.984581,0.1140802,347.3805,184.4845,344.4046,1.356988,0.8295311,-2.503566,0.1976089,-0.004185166,0.9796492,0.03493897,355.9797,157.18,0.3221386,1.935512,0.7783372,-2.225981,0.1106605,-0.1369715,0.6919825,0.7001095,272.2314,277.0784,242.7485,1.824723,0.7813838,-2.274732,-0.3918485,0.3982114,0.5759442,0.5968004,271.7669,50.93384,197.0012
3.952341,1,0,-1.64,0,0,1,0,0,180,0,1.547678,0.8444109,-2.460228,-0.02376271,-0.1305775,0.9845415,0.1142927,347.3587,184.5048,344.3909,1.357385,0.8294134,-2.50309,0.197483,-0.004309345,0.9796745,0.03492478,355.9784,157.1953,0.3073245,1.934502,0.7776378,-2.226453,0.1112133,-0.1369673,0.6914971,0.7005022,272.2108,279.1635,240.6183,1.82474,0.7812799,-2.274696,-0.3964375,0.4024658,0.5707561,0.5958995,272.095,47.88518,200.9201
3.974592,1,0,-1.64,0,0,1,0,0,180,0,1.547324,0.8442986,-2.460198,-0.02369019,-0.1306771,0.9845158,0.1144162,347.344,184.4998,344.3791,1.356573,0.8296477,-2.503878,0.1974521,-0.004396953,0.9796803,0.03492752,355.9761,157.1992,0.2974009,1.932589,0.7763851,-2.226955,0.1113978,-0.1370121,0.6916896,0.7002741,272.189,278.4099,241.3531,1.823985,0.7810879,-2.273465,-0.4023914,0.4112839,0.5635455,0.5927422,272.4731,52.07321,198.1946
3.996943,1,0,-1.64,0,0,1,0,0,180,0,1.546805,0.8439687,-2.460481,-0.02365278,-0.1304567,0.9845367,0.1144948,347.3334,184.494,344.4049,1.356693,0.8299122,-2.50382,0.1976165,-0.004042299,0.9796464,0.03499153,355.9771,157.1785,0.3394427,1.933772,0.7772454,-2.226505,0.1115095,-0.1370109,0.6915672,0.7003774,272.1862,278.9359,240.818,1.823312,0.7812579,-2.272406,-0.4085617,0.4181744,0.5571932,0.5896975,272.7468,52.26082,199.3111
4.018966,1,0,-1.64,0,0,1,0,0,180,0,1.546572,0.8439273,-2.460689,-0.02401396,-0.1305929,0.9844949,0.1146238,347.325,184.5397,344.3832,1.356567,0.8299246,-2.503932,0.1976969,-0.003738787,0.97962,0.03530878,355.9483,157.1673,0.3811525,1.936037,0.7790605,-2.226048,0.1110746,-0.1369576,0.6917655,0.700261,272.2075,278.0681,241.7259,1.823694,0.7810007,-2.272064,-0.4137042,0.424245,0.5525706,0.5861149,272.8494,53.79361,198.9044
4.03026,1,0,-1.64,0,0,1,0,0,180,0,1.546385,0.8438673,-2.460734,-0.02396984,-0.1305792,0.9844969,0.1146319,347.3233,184.5346,344.3853,1.356914,0.8294237,-2.503654,0.1974939,-0.00427797,0.9796712,0.0349603,355.9752,157.1938,0.3117076,1.936143,0.7790726,-2.225948,0.1110412,-0.1369517,0.691676,0.7003559,272.2143,278.4192,241.3781,1.823658,0.781086,-2.272117,-0.4159402,0.426072,0.5497031,0.5859035,273.0463,52.19157,200.9197
4.052328,1,0,-1.64,0,0,1,0,0,180,0,1.54631,0.8437902,-2.460835,-0.02423889,-0.1307821,0.9844341,0.114883,347.2998,184.5726,344.356,1.356962,0.8297115,-2.503757,0.1975606,-0.004016641,0.979651,0.03518099,355.9563,157.1846,0.3464119,1.936466,0.7793632,-2.225973,0.1111685,-0.1369359,0.6919078,0.7001098,272.1913,277.551,242.2372,1.823178,0.7814223,-2.272442,-0.418215,0.4310706,0.5467817,0.583356,273.1416,56.29067,197.5583
4.074344,1,0,-1.64,0,0,1,0,0,180,0,1.545716,0.8434994,-2.461091,-0.0242318,-0.1308458,0.9844131,0.1149919,347.2876,184.5745,344.3477,1.357008,0.8299885,-2.503801,0.1976471,-0.0036025,0.9796314,0.0352865,355.9539,157.1727,0.3957751,1.9372,0.7795421,-2.225507,0.1111144,-0.1368979,0.6917936,0.7002387,272.1985,278.0336,241.7621,1.823139,0.7812283,-2.272028,-0.419558,0.4335928,0.5466564,0.5806334,272.979,59.56292,194.6751
4.085554,1,0,-1.64,0,0,1,0,0,180,0,1.545495,0.843447,-2.46112,-0.02429722,-0.130842,0.9844079,0.1150267,347.2846,184.5826,344.347,1.357332,0.8294696,-2.503441,0.1973926,-0.004202947,0.9796965,0.03483365,355.9911,157.2056,0.3168542,1.937363,0.7796828,-2.225494,0.1112222,-0.1368753,0.6916515,0.7003663,272.1954,278.6578,241.1309,1.823267,0.7813964,-2.272028,-0.4209634,0.4348702,0.5453267,0.5799109,273.0207,59.16156,195.3503
4.107724,1,0,-1.64,0,0,1,0,0,180,0,1.545614,0.843291,-2.460955,-0.02426883,-0.1308032,0.9844035,0.1151145,347.274,184.5803,344.3512,1.357129,0.8292383,-2.5035,0.1971947,-0.004763163,0.9797456,0.03449924,356.0159,157.2316,0.2454045,1.936818,0.7796181,-2.225784,0.1109569,-0.1367882,0.6916555,0.7004215,272.2104,278.6536,241.1641,1.823011,0.7817215,-2.271735,-0.4252462,0.439062,0.5449527,0.5739484,272.6027,63.16137,192.208
4.129899,1,0,-1.64,0,0,1,0,0,180,0,1.545125,0.84278,-2.460926,-0.02415777,-0.1308113,0.984399,0.1151668,347.2663,184.5685,344.3512,1.357228,0.8290483,-2.503416,0.1968935,-0.005189173,0.9798185,0.03408648,356.0526,157.2691,0.1868795,1.93777,0.7800559,-2.225524,0.1110191,-0.1368223,0.6914974,0.700561,272.2162,279.2589,240.5508,1.823077,0.7810566,-2.271494,-0.4261899,0.4397173,0.5451743,0.5725346,272.4733,64.07417,191.4569
4.152344,1,0,-1.64,0,0,1,0,0,180,0,1.544736,0.8425851,-2.460917,-0.02416623,-0.1308198,0.9843967,0.1151756,347.2655,184.5697,344.35,1.356823,0.8287376,-2.503604,0.1967604,-0.005880372,0.9798582,0.03359817,356.0919,157.2881,0.09749874,1.938089,0.7803143,-2.225487,0.1111541,-0.1368194,0.6914375,0.7005993,272.2083,279.5444,240.2545,1.823315,0.7808474,-2.271498,-0.4315227,0.4433345,0.5456434,0.5652574,271.8553,69.2781,187.1642
4.17427,1,0,-1.64,0,0,1,0,0,180,0,1.544315,0.8423816,-2.460886,-0.02419949,-0.1308408,0.9843949,0.11516,347.2679,184.5736,344.3473,1.356285,0.8290535,-2.504135,0.196823,-0.005854581,0.9798421,0.03370423,356.0805,157.2805,0.1030529,1.939019,0.7810541,-2.225138,0.1111182,-0.136816,0.6914327,0.7006105,272.2112,279.5549,240.2472,1.823324,0.7807216,-2.271377,-0.434944,0.4454693,0.5463236,0.560278,271.4161,75.53162,181.48
4.185657,1,0,-1.64,0,0,1,0,0,180,0,1.544109,0.842289,-2.460867,-0.02420015,-0.1308237,0.9843943,0.1151849,347.265,184.5739,344.3491,1.356115,0.8295215,-2.504205,0.1969321,-0.00569695,0.9798115,0.03397934,356.0532,157.2667,0.1274633,1.939316,0.7812141,-2.225127,0.1107694,-0.1368503,0.6916066,0.7004873,272.2326,278.718,241.1099,1.823149,0.7808701,-2.271414,-0.4344894,0.4451196,0.5458283,0.5613902,271.5271,72.8014,184.128
4.207817,1,0,-1.64,0,0,1,0,0,180,0,1.549715,0.8447042,-2.459005,-0.02319379,-0.1298457,0.9846576,0.1142429,347.3522,184.4286,344.4846,1.356135,0.8295808,-2.504217,0.1970363,-0.005423926,0.97979,0.03404327,356.0522,157.2534,0.1600577,1.939721,0.7812997,-2.224909,0.1107324,-0.1369146,0.6915383,0.7005479,272.2436,278.9017,240.9239,1.823346,0.78061,-2.27143,-0.4353294,0.4450552,0.5472544,0.5593987,271.2605,77.19319,179.814
4.229831,1,0,-1.64,0,0,1,0,0,180,0,1.550252,0.8454669,-2.459241,-0.02337532,-0.129908,0.9846809,0.1139345,347.3905,184.4452,344.4775,1.356145,0.8296065,-2.504152,0.1971414,-0.005220639,0.9797654,0.03417492,356.042,157.2401,0.1863456,1.940075,0.7815436,-2.224817,0.1106474,-0.1370545,0.6915816,0.7004913,272.2584,278.5548,241.2662,1.823358,0.7807229,-2.271508,-0.4356712,0.4447896,0.5478677,0.5587432,271.1494,78.48473,178.5295
4.241137,1,0,-1.64,0,0,1,0,0,180,0,1.550214,0.8454638,-2.459259,-0.02335479,-0.1299015,0.9846879,0.1138854,347.3958,184.4419,344.4789,1.356244,0.8298292,-2.503967,0.1972245,-0.005011837,0.9797449,0.03431466,356.031,157.2293,0.213351,1.936904,0.7794499,-2.225969,0.1106571,-0.1373876,0.6918678,0.7001419,272.2673,277.0957,242.6971,1.82327,0.780785,-2.271569,-0.4358431,0.4451253,0.5473634,0.5588359,271.1958,77.50945,179.5576
4.263216,1,0,-1.64,0,0,1,0,0,180,0,1.552796,0.8464321,-2.458035,-0.02242703,-0.1293272,0.9848366,0.1134388,347.4297,184.3197,344.5616,1.356575,0.8299562,-2.503828,0.1973138,-0.004594659,0.9797201,0.0345646,356.0124,157.2169,0.2663369,1.936597,0.7795917,-2.226454,0.1107363,-0.1375037,0.6920487,0.6999277,272.2611,276.2904,243.4864,1.823147,0.7808057,-2.271554,-0.4361978,0.4454764,0.5466207,0.5590063,271.254,75.40896,181.7317
4.285462,1,0,-1.64,0,0,1,0,0,180,0,1.55162,0.8459899,-2.458654,-0.02252096,-0.1293645,0.9848459,0.1132974,347.4475,184.3286,344.5572,1.356978,0.8295335,-2.503428,0.1970378,-0.005092248,0.9797836,0.03426907,356.0343,157.2516,0.2025102,1.936242,0.7793683,-2.226029,0.1108602,-0.1374202,0.6921019,0.6998719,272.2424,276.1933,243.5802,1.819018,0.7855737,-2.276463,-0.422624,0.4526744,0.5489757,0.5613383,272.633,105.8878,150.612
4.30779,1,0,-1.64,0,0,1,0,0,180,0,1.551148,0.8460364,-2.459024,-0.0224472,-0.1293939,0.9848362,0.1133629,347.439,184.3216,344.5542,1.357038,0.8298869,-2.503486,0.1971393,-0.004622024,0.9797553,0.03456071,356.0122,157.2374,0.2624576,1.935725,0.7789281,-2.226142,0.1109694,-0.1374986,0.6921162,0.699825,272.2387,276.0818,243.6763,1.819941,0.7813021,-2.272359,-0.4230509,0.4533634,0.5471747,0.5622184,272.7422,101.914,154.7031
4.329901,1,0,-1.64,0,0,1,0,0,180,0,1.550321,0.8458911,-2.459576,-0.02270419,-0.1297145,0.9847704,0.1135164,347.4269,184.358,344.512,1.357233,0.8294126,-2.503245,0.1968505,-0.005296614,0.9798263,0.03409078,356.0497,157.2746,0.1747122,1.935666,0.7787794,-2.226069,0.1111789,-0.137479,0.6920556,0.6998555,272.223,276.3901,243.3524,1.820568,0.7794437,-2.271429,-0.4238541,0.4536774,0.5440567,0.5643819,272.9246,94.09283,162.6432
4.352282,1,0,-1.64,0,0,1,0,0,180,0,1.549999,0.8456334,-2.459628,-0.02288632,-0.129895,0.9847188,0.1137207,347.4072,184.3849,344.4868,1.356182,0.8294221,-2.504071,0.1970801,-0.005129881,0.9797732,0.03431712,356.028,157.2467,0.1995367,1.935532,0.7786455,-2.226119,0.1111617,-0.1373484,0.6921326,0.6998078,272.2112,276.213,243.5417,1.820777,0.7791096,-2.271565,-0.4248604,0.4539405,0.5404451,0.5668782,273.1846,86.16631,170.7066
4.374324,1,0,-1.64,0,0,1,0,0,180,0,1.549931,0.8454743,-2.459503,-0.0230156,-0.1300489,0.9846634,0.113998,347.3783,184.4065,344.4649,1.355627,0.8294524,-2.504451,0.1972261,-0.00499429,0.9797396,0.03445685,356.0154,157.2288,0.2185608,1.937583,0.7795929,-2.22536,0.1112241,-0.137334,0.6920065,0.6999255,272.2108,276.7477,243.0031,1.821017,0.779027,-2.271855,-0.4252363,0.4544933,0.5365623,0.5698341,273.5905,79.8156,177.163
4.396655,1,0,-1.64,0,0,1,0,0,180,0,1.549416,0.8449934,-2.459597,-0.0230143,-0.1301123,0.9846514,0.1140302,347.3749,184.4077,344.4572,1.35618,0.8298115,-2.504111,0.1973006,-0.004638844,0.9797246,0.03450676,356.0179,157.2187,0.2599965,1.937684,0.7799738,-2.225607,0.110893,-0.1373193,0.6920186,0.6999689,272.2361,276.6333,243.1459,1.820962,0.779626,-2.271756,-0.424895,0.4549022,0.5337421,0.5724052,273.9664,76.31355,180.6819
4.408102,1,0,-1.64,0,0,1,0,0,180,0,1.549363,0.8449692,-2.459595,-0.02300369,-0.130103,0.9846527,0.1140315,347.3745,184.4064,344.4584,1.356781,0.8292922,-2.503481,0.1969555,-0.00525202,0.9798021,0.03418776,356.0398,157.2619,0.182353,1.938866,0.7808688,-2.225082,0.1109028,-0.1371115,0.6918407,0.7001839,272.2288,277.5559,242.2396,1.820994,0.7794472,-2.271923,-0.4248979,0.4546547,0.5333225,0.5729904,274.0189,75.36113,181.6105
4.43007,1,0,-1.64,0,0,1,0,0,180,0,1.551332,0.8458474,-2.458846,-0.0223307,-0.1298254,0.9847401,0.113726,347.3977,184.3198,344.502,1.356908,0.829648,-2.503635,0.1970785,-0.004898286,0.9797705,0.03443473,356.0201,157.2458,0.2282614,1.939112,0.7811834,-2.225091,0.1106021,-0.1369519,0.6918376,0.7002657,272.2418,277.6537,242.1796,1.820745,0.7794883,-2.271887,-0.4261693,0.4542068,0.5344676,0.5713321,273.7535,75.77985,181.2698
4.452205,1,0,-1.64,0,0,1,0,0,180,0,1.551242,0.8457196,-2.45887,-0.02233457,-0.1298196,0.9847422,0.113714,347.3991,184.32,344.5027,1.357158,0.8292375,-2.503299,0.1968335,-0.00534521,0.9798252,0.03421452,356.0347,157.2765,0.1719774,1.939419,0.7814549,-2.225007,0.110732,-0.1368898,0.6916694,0.7004235,272.2352,278.4174,241.4103,1.821135,0.7792903,-2.272008,-0.426972,0.4542058,0.5341315,0.5710478,273.7178,74.9828,182.1491
4.474338,1,0,-1.64,0,0,1,0,0,180,0,1.550894,0.8459533,-2.459378,-0.02272908,-0.1299923,0.9847135,0.113687,347.4091,184.3674,344.4777,1.357172,0.8297491,-2.503507,0.1969628,-0.005042621,0.979799,0.03426597,356.0358,157.2602,0.2077209,1.937957,0.7798612,-2.225239,0.1112848,-0.1371791,0.6916295,0.7003187,272.2133,278.4292,241.3293,1.820826,0.7797179,-2.271924,-0.4278063,0.4537448,0.5338938,0.5710121,273.6698,73.53067,183.6387
4.4857,1,0,-1.64,0,0,1,0,0,180,0,1.549925,0.8456891,-2.459688,-0.02270171,-0.1302038,0.9846843,0.1137035,347.4077,184.3672,344.453,1.356896,0.8297952,-2.503676,0.1970646,-0.004866888,0.9797767,0.03434396,356.031,157.2475,0.229679,1.938017,0.7799281,-2.225259,0.1113547,-0.137145,0.6915814,0.7003617,272.2074,278.6791,241.0765,1.820938,0.7797207,-2.271865,-0.4281186,0.4535857,0.5338211,0.5709724,273.6502,73.02291,184.1618
4.507839,1,0,-1.64,0,0,1,0,0,180,0,1.550151,0.8456569,-2.459452,-0.02281811,-0.1303406,0.9846229,0.1140547,347.3701,184.3884,344.4326,1.357067,0.829345,-2.503571,0.1967459,-0.005367123,0.9798433,0.0341965,356.0362,157.2869,0.1687481,1.937722,0.7800662,-2.225677,0.111137,-0.1371333,0.6914912,0.7004876,272.2291,278.9761,240.7982,1.820867,0.7799551,-2.271918,-0.4283292,0.4533865,0.5334835,0.5712882,273.6756,72.13,185.0566
4.529909,1,0,-1.64,0,0,1,0,0,180,0,1.550043,0.845681,-2.459461,-0.02285226,-0.1303152,0.9846243,0.1140642,347.3694,184.3922,344.4351,1.356981,0.8297074,-2.503798,0.196928,-0.005016958,0.9798,0.03444161,356.0166,157.2638,0.2144498,1.937732,0.7800543,-2.225616,0.1111309,-0.1370308,0.6915199,0.7004805,272.2206,278.9757,240.8076,1.821347,0.7797298,-2.271921,-0.4287961,0.4534734,0.5333667,0.570978,273.6456,71.89104,185.3522
4.541131,1,0,-1.64,0,0,1,0,0,180,0,1.549974,0.8454833,-2.459343,-0.02294602,-0.1305219,0.984556,0.1143987,347.3336,184.4115,344.4069,1.35695,0.8299535,-2.503721,0.1969712,-0.004614089,0.979786,0.03464817,356.0025,157.2569,0.264649,1.937705,0.7800232,-2.225418,0.1109896,-0.1369934,0.6914268,0.700602,272.2344,279.3339,240.4641,1.821481,0.7797318,-2.271972,-0.4290945,0.45383,0.5331134,0.5707069,273.647,71.9994,185.3119
4.552578,1,0,-1.64,0,0,1,0,0,180,0,1.549922,0.8454735,-2.459326,-0.02296065,-0.1305086,0.9845584,0.1143906,347.3347,184.4128,344.4084,1.356884,0.8298647,-2.503674,0.1969852,-0.00459674,0.9797848,0.03460357,356.0079,157.2553,0.2656471,1.937715,0.7800238,-2.225399,0.1109832,-0.1369977,0.6913995,0.7006291,272.2369,279.433,240.3651,1.821476,0.7796142,-2.272111,-0.4292421,0.4536743,0.5331662,0.5706704,273.6275,71.73727,185.5726
4.563319,1,0,-1.64,0,0,1,0,0,180,0,1.549155,0.8451382,-2.459685,-0.02318669,-0.1305552,0.9845234,0.1145926,347.3154,184.443,344.3984,1.357251,0.8296248,-2.503339,0.1968231,-0.00498514,0.9798245,0.03434724,356.0279,157.2762,0.2154651,1.937296,0.7796776,-2.225657,0.1110614,-0.1370865,0.691274,0.7007232,272.2434,279.8472,239.9372,1.820691,0.7797147,-2.271742,-0.429685,0.4531851,0.5331528,0.5707384,273.5923,70.6674,186.6368
4.585619,1,0,-1.64,0,0,1,0,0,180,0,1.548212,0.8447182,-2.460046,-0.02345988,-0.1306469,0.9844894,0.1147239,347.3051,184.4781,344.3831,1.356925,0.8296515,-2.503658,0.1969406,-0.004897787,0.9797997,0.03439528,356.0245,157.262,0.2268621,1.936795,0.7793414,-2.225881,0.1111691,-0.1372273,0.6910828,0.7008671,272.2556,280.4622,239.3017,1.820963,0.7796016,-2.271973,-0.43004,0.4525977,0.5334629,0.5706472,273.5246,69.88213,187.3963
4.606486,1,0,-1.64,0,0,1,0,0,180,0,1.547982,0.8445551,-2.460048,-0.02345913,-0.1305558,0.9844837,0.1148769,347.2872,184.4794,344.3925,1.356786,0.8297129,-2.503781,0.1970951,-0.004579726,0.9797621,0.03462514,356.0059,157.2423,0.2684996,1.936731,0.7792593,-2.225836,0.1112641,-0.1372172,0.6911039,0.7008332,272.246,280.4286,239.3284,1.821064,0.779548,-2.271826,-0.4300847,0.4520404,0.5335866,0.5709395,273.5114,69.05911,188.1658
4.628589,1,0,-1.64,0,0,1,0,0,180,0,1.549924,0.8450634,-2.45896,-0.02305242,-0.1301107,0.9845789,0.1146481,347.305,184.4226,344.4519,1.357048,0.8293414,-2.503583,0.1967085,-0.005212078,0.9798549,0.03410459,356.05,157.2909,0.183965,1.938145,0.7804152,-2.225284,0.111141,-0.1369486,0.6911044,0.7009047,272.237,280.6887,239.1006,1.82078,0.7797031,-2.271871,-0.4297698,0.4510193,0.5339172,0.5716746,273.5112,67.91364,189.1727
4.650847,1,0,-1.64,0,0,1,0,0,180,0,1.550846,0.8454487,-2.458689,-0.02288776,-0.1299292,0.9846649,0.1141475,347.3587,184.3927,344.4794,1.356617,0.8295259,-2.503927,0.1967797,-0.005398206,0.9798403,0.03408368,356.0482,157.2833,0.1628318,1.938462,0.7806421,-2.225398,0.1108363,-0.1370113,0.6910877,0.7009572,272.2668,280.5641,239.245,1.820751,0.7795133,-2.27186,-0.4293183,0.4500593,0.5344185,0.5723018,273.5001,67.17051,189.7694
4.673038,1,0,-1.64,0,0,1,0,0,180,0,1.551378,0.8459908,-2.458734,-0.02304289,-0.1298941,0.9846758,0.114062,347.3707,184.4088,344.4823,1.356922,0.829344,-2.503434,0.1964124,-0.005706363,0.9799196,0.03387266,356.0649,157.3278,0.1218959,1.937657,0.7799837,-2.225601,0.1110678,-0.1370599,0.6908808,0.701115,272.2636,281.3846,238.4014,1.820791,0.7794085,-2.271884,-0.4295272,0.449752,0.534337,0.5724627,273.4975,66.40979,190.5199
4.684311,1,0,-1.64,0,0,1,0,0,180,0,1.551391,0.8459754,-2.45872,-0.02304283,-0.1299297,0.9846758,0.1140211,347.3755,184.4085,344.4784,1.356948,0.8294418,-2.503519,0.1965099,-0.005719919,0.9798977,0.03393462,356.0576,157.3163,0.1221632,1.93768,0.779999,-2.225517,0.1110447,-0.1369587,0.6910219,0.7009994,272.2501,280.9559,238.8404,1.820901,0.779353,-2.271945,-0.4293772,0.4494956,0.5345047,0.57262,273.4928,66.27013,190.6173
4.706512,1,0,-1.64,0,0,1,0,0,180,0,1.5514,0.8459834,-2.458671,-0.02302038,-0.1299113,0.9846753,0.1140517,347.3716,184.4062,344.4806,1.357168,0.8289887,-2.503175,0.1960693,-0.006486639,0.9800057,0.03322005,356.1207,157.3719,0.01797347,1.938613,0.7806482,-2.225197,0.1110961,-0.1369276,0.6909069,0.7011106,272.2506,281.4517,238.3429,1.820781,0.77946,-2.272016,-0.4291968,0.44846,0.53505,0.5730578,273.4532,65.25716,191.5036
4.728461,1,0,-1.64,0,0,1,0,0,180,0,1.550052,0.8456528,-2.459593,-0.02342097,-0.1302751,0.9846333,0.1139172,347.3948,184.455,344.4339,1.356869,0.8288305,-2.503426,0.1960016,-0.007156661,0.9800263,0.03287408,356.1445,157.3828,359.9345,1.938922,0.7807019,-2.225184,0.1112005,-0.1369988,0.6908754,0.7011112,272.2489,281.5314,238.2488,1.820991,0.7796406,-2.272115,-0.4276266,0.4463825,0.5367429,0.5742695,273.4,64.74732,191.6354
4.750806,1,0,-1.64,0,0,1,0,0,180,0,1.5494,0.8452469,-2.459706,-0.02324813,-0.1304518,0.9845845,0.1141728,347.3638,184.4416,344.4132,1.356321,0.8293139,-2.504096,0.1960926,-0.006833145,0.980007,0.03297505,356.1404,157.3708,359.9735,1.938717,0.780777,-2.225218,0.1112881,-0.1369506,0.6908215,0.7011599,272.2419,281.831,237.9459,1.820914,0.7795167,-2.272042,-0.4269891,0.4447197,0.5377561,0.5750852,273.3491,63.47911,192.6654
4.773004,1,0,-1.64,0,0,1,0,0,180,0,1.549275,0.8451951,-2.459738,-0.02331542,-0.1303855,0.9845959,0.1141359,347.3687,184.4479,344.4204,1.356062,0.8291156,-2.503974,0.1959095,-0.007232404,0.9800425,0.03292266,356.1373,157.3938,359.9267,1.93889,0.780867,-2.225135,0.1112708,-0.136915,0.6908303,0.7011609,272.2403,281.8324,237.9489,1.820826,0.7796351,-2.27213,-0.4267028,0.4437472,0.5383304,0.5755115,273.3147,62.63452,193.3796
4.795028,1,0,-1.64,0,0,1,0,0,180,0,1.548545,0.8449124,-2.460027,-0.02339,-0.1303928,0.9845843,0.1142122,347.3612,184.4579,344.418,1.355766,0.8294393,-2.504278,0.1961936,-0.00690901,0.9799793,0.03317959,356.1157,157.3589,359.97,1.939061,0.7809697,-2.2252,0.11116,-0.1369523,0.6908773,0.701125,272.2488,281.5625,238.2249,1.82071,0.7794818,-2.271967,-0.4262969,0.4434364,0.5385211,0.5758735,273.3306,62.61892,193.3219
4.806605,1,0,-1.64,0,0,1,0,0,180,0,1.548084,0.8445445,-2.460179,-0.02319834,-0.1304859,0.984567,0.1142935,347.3494,184.4384,344.4088,1.355545,0.8296211,-2.504572,0.1964425,-0.006731273,0.9799253,0.03333919,356.1018,157.3289,-0.005388038,1.939164,0.7809542,-2.225101,0.1111264,-0.1369102,0.6907875,0.7012269,272.2542,281.9389,237.8546,1.820678,0.7795184,-2.271992,-0.4259155,0.4430545,0.538691,0.5762906,273.3485,62.43619,193.4265
4.828515,1,0,-1.64,0,0,1,0,0,180,0,1.548527,0.8445369,-2.459899,-0.02306697,-0.1303951,0.9845631,0.1144575,347.3282,184.4248,344.4198,1.355407,0.8294777,-2.504149,0.1964921,-0.006317892,0.9799094,0.03359447,356.0824,157.3212,0.04710231,1.939346,0.781046,-2.224989,0.1110593,-0.1369053,0.6908079,0.7012184,272.2578,281.8387,237.9607,1.820744,0.7794502,-2.271956,-0.4227947,0.4400398,0.5408013,0.5789158,273.3903,61.96191,193.2725
4.850982,1,0,-1.64,0,0,1,0,0,180,0,1.549765,0.8445705,-2.458744,-0.02227877,-0.1297845,0.9846834,0.1142731,347.3343,184.3225,344.5031,1.35557,0.8294775,-2.504041,0.196654,-0.005869564,0.9798716,0.03382808,356.0663,157.3002,0.103492,1.938683,0.780331,-2.225037,0.1115501,-0.1370971,0.6909971,0.7009165,272.2207,281.0919,238.6514,1.820654,0.7797715,-2.272166,-0.4177197,0.4338034,0.5452754,0.5830948,273.3305,60.07894,194.001
4.872874,1,0,-1.64,0,0,1,0,0,180,0,1.549732,0.8444123,-2.458549,-0.02224635,-0.1297973,0.9846815,0.1142806,347.333,184.3191,344.5019,1.356558,0.8291512,-2.503451,0.1962044,-0.006263773,0.9799671,0.03360267,356.0827,157.3546,0.05222666,1.938712,0.7805966,-2.225255,0.1114977,-0.1371327,0.6910548,0.700861,272.2241,280.8057,238.939,1.821014,0.7795725,-2.272187,-0.4113245,0.4268821,0.5504711,0.5878481,273.2809,58.96506,193.7674
4.895223,1,0,-1.64,0,0,1,0,0,180,0,1.54834,0.8445733,-2.460163,-0.02296317,-0.1298909,0.9846861,0.1139934,347.3773,184.3983,344.4842,1.356478,0.829696,-2.503842,0.19667,-0.005456591,0.9798622,0.0340761,356.0477,157.2964,0.1556462,1.938288,0.7803567,-2.225411,0.1113015,-0.1371293,0.6911554,0.7007937,272.2338,280.3448,239.4163,1.821083,0.7795888,-2.272877,-0.401504,0.4163663,0.5580093,0.5950289,273.2327,57.2229,193.4746
4.917237,1,0,-1.64,0,0,1,0,0,180,0,1.54753,0.844513,-2.46065,-0.02316043,-0.1300125,0.9846547,0.1140857,347.3704,184.4243,344.4666,1.357026,0.8294047,-2.503275,0.1963925,-0.00591889,0.9799222,0.0338754,356.0598,157.3309,0.09795804,1.93825,0.7804728,-2.225243,0.111277,-0.1370611,0.6910683,0.7008968,272.236,280.7505,239.0183,1.821559,0.7798954,-2.274761,-0.387932,0.4039455,0.5664165,0.6045735,273.3535,56.83491,191.3018
4.939785,1,0,-1.64,0,0,1,0,0,180,0,1.547425,0.8444741,-2.460483,-0.02331708,-0.1301911,0.9845827,0.114471,347.3297,184.4513,344.4406,1.356926,0.8290393,-2.503289,0.1961062,-0.006507888,0.9799893,0.03347905,356.0911,157.3672,0.02156912,1.938071,0.780431,-2.225434,0.1112479,-0.1370567,0.6911494,0.7008224,272.2335,280.4315,239.34,1.821798,0.7796011,-2.275021,-0.3825899,0.3947449,0.5718074,0.6089645,273.1682,51.47216,195.2439
4.962426,1,0,-1.64,0,0,1,0,0,180,0,1.547235,0.8444674,-2.460519,-0.02334871,-0.1301991,0.9845787,0.1144898,347.3281,184.4554,344.4391,1.356667,0.8288904,-2.50341,0.1959323,-0.006865374,0.9800298,0.03324082,356.1098,157.3893,359.9753,1.938186,0.780407,-2.225347,0.1111747,-0.137014,0.6911585,0.7008333,272.2358,280.4176,239.3635,1.821917,0.779366,-2.275399,-0.3734312,0.3867338,0.5769084,0.6149495,273.2658,51.80378,193.2555
4.984537,1,0,-1.64,0,0,1,0,0,180,0,1.54706,0.8444386,-2.460573,-0.02332942,-0.130158,0.9845864,0.1144741,347.3293,184.4523,344.4442,1.35639,0.8288085,-2.503653,0.1958645,-0.007248723,0.9800472,0.03304625,356.1231,157.3989,359.9275,1.937724,0.7800318,-2.225662,0.1109663,-0.1371121,0.6913133,0.7006945,272.2508,279.6333,240.1568,1.821698,0.7796415,-2.275128,-0.3589063,0.376506,0.583205,0.6239402,273.5962,54.7172,187.9837
5.006865,1,0,-1.64,0,0,1,0,0,180,0,1.54692,0.8440694,-2.460715,-0.02355214,-0.130221,0.984553,0.1146437,347.3138,184.4818,344.4326,1.356116,0.828919,-2.503846,0.1957918,-0.007197437,0.9800615,0.03306328,356.1223,157.4072,359.9333,1.937653,0.7800102,-2.225524,0.1109369,-0.1370989,0.6913463,0.7006691,272.2506,279.5103,240.2833,1.821923,0.7796338,-2.275725,-0.3381889,0.3612673,0.5918467,0.6362638,274.0567,57.11874,182.2076
5.018291,1,0,-1.64,0,0,1,0,0,180,0,1.546839,0.8440359,-2.460738,-0.02351529,-0.1302005,0.9845531,0.114674,347.3097,184.4778,344.4353,1.356097,0.8289193,-2.503863,0.1958171,-0.007346076,0.9800557,0.03305467,356.12,157.4048,359.9165,1.937623,0.779983,-2.225513,0.1108865,-0.1371341,0.6913679,0.7006489,272.256,279.3707,240.4241,1.822397,0.7800921,-2.276474,-0.3336117,0.3511244,0.596675,0.6398389,273.7751,51.0597,186.8924
5.040693,1,0,-1.64,0,0,1,0,0,180,0,1.548362,0.8443789,-2.45978,-0.02323046,-0.1298821,0.984598,0.1147075,347.2999,184.4412,344.4761,1.353544,0.8275025,-2.505074,0.1959867,-0.007497926,0.9800088,0.03340195,356.0775,157.385,359.9079,1.937466,0.779963,-2.225383,0.1107213,-0.137103,0.6913293,0.7007192,272.2689,279.4974,240.3136,1.823159,0.7803243,-2.277399,-0.3230404,0.3338543,0.6063258,0.6454109,273.2865,43.15539,192.2244
5.052021,1,0,-1.64,0,0,1,0,0,180,0,1.548326,0.8443378,-2.459738,-0.02327657,-0.1298643,0.9845954,0.1147408,347.2968,184.4469,344.4773,1.354168,0.8283542,-2.504796,0.1960854,-0.006890459,0.979984,0.03367975,356.0599,157.3708,359.9829,1.937423,0.7798975,-2.225374,0.1107007,-0.1370676,0.6913307,0.7007281,272.2681,279.5244,240.2912,1.823094,0.7800758,-2.277417,-0.3212887,0.3259861,0.6096047,0.6472162,273.0715,34.36783,200.13
5.074043,1,0,-1.64,0,0,1,0,0,180,0,1.549021,0.8447503,-2.459691,-0.0230567,-0.1296968,0.984624,0.1147288,347.294,184.4191,344.4999,1.354958,0.828644,-2.504102,0.1959907,-0.006990234,0.9800071,0.03354114,356.0732,157.3824,359.9682,1.937816,0.7800568,-2.225487,0.1106345,-0.1371037,0.691508,0.7005565,272.2667,278.7819,241.0361,1.823236,0.7798626,-2.277113,-0.3179229,0.3178083,0.6153737,0.647486,272.6021,26.51646,206.9255
5.096262,1,0,-1.64,0,0,1,0,0,180,0,1.550731,0.8456029,-2.458945,-0.02256712,-0.1293604,0.984703,0.1145282,347.3078,184.3547,344.5473,1.355162,0.8285137,-2.503925,0.1958265,-0.007301531,0.9800549,0.0330328,356.1234,157.4035,359.9211,1.936787,0.7793014,-2.225752,0.1105567,-0.1370473,0.6917489,0.7003419,272.2566,277.8867,241.9424,1.823551,0.7799331,-2.277729,-0.2917005,0.2969457,0.6246164,0.6607485,272.9586,32.86565,196.3461
5.107514,1,0,-1.64,0,0,1,0,0,180,0,1.550768,0.8456126,-2.458893,-0.02257414,-0.1293822,0.9847043,0.114491,347.3122,184.3551,344.5449,1.354975,0.8289651,-2.504271,0.1959682,-0.007065932,0.9800185,0.03332159,356.0962,157.3857,359.9547,1.93673,0.7792432,-2.225777,0.1105631,-0.1370284,0.6917302,0.7003631,272.2556,277.9813,241.8489,1.823658,0.779958,-2.277753,-0.2871988,0.2902416,0.6273192,0.6631346,272.9127,28.96317,199.2511
5.129611,1,0,-1.64,0,0,1,0,0,180,0,1.551168,0.8458633,-2.458938,-0.02249048,-0.1293214,0.9847139,0.1144936,347.3104,184.3447,344.5531,1.355132,0.8293104,-2.504381,0.1961334,-0.006560535,0.9799776,0.03365291,356.0703,157.364,0.01967376,1.936915,0.779594,-2.22581,0.1100678,-0.1369752,0.6918662,0.7003171,272.2854,277.3739,242.5013,1.823649,0.7798095,-2.278027,-0.2744352,0.2768919,0.6331425,0.6686904,272.8875,26.90614,198.9993
5.140841,1,0,-1.64,0,0,1,0,0,180,0,1.551215,0.8458796,-2.458917,-0.02254488,-0.1293145,0.9847174,0.1144605,347.3149,184.3503,344.5535,1.354977,0.8295861,-2.504639,0.1962236,-0.006201551,0.9799502,0.03399054,356.0405,157.3515,0.06806181,1.936849,0.7795694,-2.225855,0.1100457,-0.1369595,0.6918671,0.7003228,272.286,277.3808,242.4975,1.823651,0.7798038,-2.278239,-0.2672849,0.2704948,0.6357687,0.6717064,272.9239,27.46205,197.2538
5.162947,1,0,-1.64,0,0,1,0,0,180,0,1.550777,0.8458741,-2.459392,-0.02276848,-0.1295323,0.9846784,0.1145052,347.3143,184.3798,344.5247,1.355826,0.829141,-2.503924,0.1960194,-0.006333327,0.9799995,0.03372269,356.0676,157.3764,0.04636309,1.937223,0.7797635,-2.225697,0.1101322,-0.1370926,0.6919191,0.7002317,272.2862,277.0659,242.7943,1.823619,0.7796401,-2.278545,-0.2569871,0.2586562,0.6398523,0.6764936,272.9723,23.99956,198.7833
5.185141,1,0,-1.64,0,0,1,0,0,180,0,1.550861,0.8459569,-2.459396,-0.02278969,-0.1295487,0.9846722,0.1145358,347.3112,184.383,344.5222,1.355994,0.8294093,-2.503908,0.1962104,-0.006079676,0.9799578,0.03387209,356.0565,157.3528,0.07905272,1.937402,0.7798024,-2.225612,0.1101563,-0.1370652,0.6918823,0.7002697,272.2838,277.2423,242.6182,1.823514,0.7795367,-2.278506,-0.2431827,0.2446609,0.645139,0.6817616,272.9702,22.49765,197.8749
5.207307,1,0,-1.64,0,0,1,0,0,180,0,1.550958,0.8460485,-2.459399,-0.02277204,-0.1295674,0.9846703,0.1145345,347.3112,184.3812,344.5203,1.356085,0.8291398,-2.503791,0.19597,-0.006615154,0.9800121,0.03359186,356.076,157.3834,0.01149361,1.934174,0.7589216,-2.211139,0.1492043,-0.1356235,0.6865486,0.6985667,271.4695,36.87346,119.8865,1.823634,0.7795731,-2.278612,-0.2264672,0.2275689,0.6510835,0.6877611,272.9735,20.45363,197.0126
5.229428,1,0,-1.64,0,0,1,0,0,180,0,1.549002,0.8451596,-2.459875,-0.02306549,-0.129941,0.9845663,0.1149465,347.2704,184.427,344.4693,1.356213,0.8294363,-2.503844,0.1962019,-0.006276002,0.9799591,0.03384769,356.0548,157.3546,0.05637,1.927056,0.7639806,-2.225101,0.1546564,-0.1338373,0.6878221,0.6964695,271.8265,55.67171,100.7838,1.823766,0.7798563,-2.278862,-0.2125048,0.2118314,0.655933,0.692619,272.9735,16.4151,198.5184
5.251776,1,0,-1.64,0,0,1,0,0,180,0,1.548543,0.8448989,-2.460126,-0.02306903,-0.1299324,0.9845712,0.1149128,347.2742,184.4267,344.4705,1.356385,0.8296297,-2.50381,0.1963457,-0.00578449,0.9799268,0.03403537,356.0448,157.3356,0.1165106,1.925513,0.7702413,-2.229725,0.1530857,-0.1325322,0.6878265,0.6970615,271.8259,54.15168,102.5418,1.824662,0.779962,-2.278938,-0.195705,0.1948871,0.6611477,0.697569,272.9521,14.75196,197.3248
5.274416,1,0,-1.64,0,0,1,0,0,180,0,1.547972,0.8446054,-2.460165,-0.02323412,-0.1300485,0.9845172,0.1152113,347.2433,184.4524,344.4524,1.356501,0.8295273,-2.503704,0.1961897,-0.005973121,0.9799598,0.03395083,356.0501,157.3547,0.09273972,1.924618,0.771987,-2.230706,0.1517378,-0.1315524,0.6874787,0.6978844,271.8401,51.17162,105.7145,1.824841,0.7800357,-2.278986,-0.1756675,0.1741114,0.6664914,0.7032889,272.9844,11.90308,196.7461
5.296225,1,0,-1.64,0,0,1,0,0,180,0,1.547328,0.844233,-2.460383,-0.02338721,-0.1301046,0.9844847,0.1153933,347.2252,184.474,344.4423,1.356651,0.8291093,-2.503468,0.1959924,-0.00635382,0.980004,0.03374873,356.0642,157.3795,0.04453509,1.926899,0.7754835,-2.229981,0.1429083,-0.1307258,0.6879597,0.699428,271.3555,35.57224,122.1133,1.824795,0.7798208,-2.278835,-0.1559391,0.1553869,0.6715159,0.707534,272.9191,11.84313,193.5999
5.318331,1,0,-1.64,0,0,1,0,0,180,0,1.547198,0.8440411,-2.460402,-0.02356392,-0.130256,0.9844262,0.1156861,347.1952,184.5014,344.4198,1.356243,0.8292851,-2.503721,0.1960739,-0.006300771,0.9799905,0.03367256,356.074,157.3699,0.04911649,1.927074,0.7745879,-2.228841,0.1407693,-0.1300276,0.6886407,0.6993217,271.2273,34.12217,123.7979,1.825989,0.7799557,-2.278072,-0.131983,0.1312035,0.6752944,0.7136832,273.1115,9.566027,191.8926
5.340619,1,0,-1.64,0,0,1,0,0,180,0,1.546807,0.8439345,-2.460605,-0.02369558,-0.1304143,0.98439,0.1157887,347.1863,184.5205,344.3987,1.356163,0.8294116,-2.50387,0.1962374,-0.005960354,0.9799504,0.03395076,356.0504,157.3491,0.09436781,1.928493,0.7744985,-2.227862,0.1401938,-0.1296222,0.688255,0.699892,271.2741,31.25373,126.7473,1.826933,0.7802693,-2.277816,-0.106301,0.1036232,0.6819904,0.7161364,272.7755,4.054919,193.0231
5.362807,1,0,-1.64,0,0,1,0,0,180,0,1.546494,0.843901,-2.460753,-0.023744,-0.1305161,0.9843584,0.1159323,347.1711,184.5299,344.3849,1.356436,0.8295614,-2.503709,0.1963704,-0.00566777,0.9799216,0.03406217,356.0445,157.3322,0.1303529,1.930806,0.7745619,-2.226659,0.1387086,-0.1295666,0.6886617,0.6997982,271.1675,28.44691,129.6815,1.829044,0.7802773,-2.276391,-0.08134922,0.07351856,0.6877974,0.7175738,272.495,351.5543,201.0226
5.374013,1,0,-1.64,0,0,1,0,0,180,0,1.546733,0.8439557,-2.460618,-0.0238377,-0.1306328,0.9843143,0.1161566,347.1475,184.5461,344.3681,1.356958,0.8291633,-2.503377,0.1960565,-0.006021049,0.979988,0.03389743,356.055,157.3706,0.08560286,1.931663,0.7748703,-2.22621,0.1373158,-0.1296152,0.6887594,0.6999676,271.102,23.61099,134.6284,1.829385,0.7801915,-2.275477,-0.06532325,0.05878391,0.6884936,0.7198985,272.5995,353.2735,196.7983
5.396256,1,0,-1.64,0,0,1,0,0,180,0,1.548466,0.8440861,-2.459516,-0.02304887,-0.1300179,0.9844519,0.1158386,347.1687,184.4413,344.4532,1.356579,0.8294389,-2.503749,0.1962256,-0.005898557,0.9799551,0.03389284,356.0583,157.3503,0.0999679,1.933072,0.7756427,-2.225781,0.1356146,-0.129711,0.6889776,0.7000669,271.018,17.21553,141.1565,1.829828,0.7809105,-2.273897,-0.04248292,0.03420366,0.6906371,0.7211419,272.5614,347.9244,198.294
5.418515,1,0,-1.64,0,0,1,0,0,180,0,1.549142,0.8446507,-2.459498,-0.02299064,-0.1298239,0.9844967,0.1156875,347.1841,184.4294,344.478,1.3567,0.8297017,-2.503697,0.196359,-0.005508118,0.979918,0.03425727,356.0261,157.3326,0.1526845,1.934739,0.7766119,-2.225544,0.1339411,-0.1297548,0.6894868,0.6998796,270.9078,11.19354,147.3132,1.828729,0.7804599,-2.273712,-0.02601297,0.01672458,0.6906939,0.7224857,272.6839,345.4458,198.0186
5.440725,1,0,-1.64,0,0,1,0,0,180,0,1.549177,0.8445992,-2.459407,-0.02298723,-0.1298261,0.9844931,0.115716,347.1808,184.4295,344.4775,1.356817,0.8299574,-2.503715,0.1963394,-0.005285313,0.9799165,0.03444909,356.0096,157.3338,0.1820175,1.936539,0.7770453,-2.224951,0.1339819,-0.129755,0.6894734,0.6998849,270.9102,11.34773,147.1556,1.829283,0.7803033,-2.272647,-0.01566991,0.003669604,0.6919244,0.7217906,272.6083,338.8934,202.6741
5.462886,1,0,-1.64,0,0,1,0,0,180,0,1.548788,0.8447061,-2.459799,-0.02294135,-0.129967,0.9844857,0.1156294,347.1906,184.4246,344.4622,1.357233,0.8295564,-2.503448,0.1961792,-0.005672336,0.9799573,0.03413445,356.0362,157.3545,0.1306973,1.938541,0.7774987,-2.224291,0.1339955,-0.1297116,0.6894746,0.6998892,270.9124,11.61193,146.8938,1.828835,0.7804706,-2.271653,0.003207977,-0.01453169,0.6927443,0.7210298,272.469,337.4631,201.0991
5.485125,1,0,-1.64,0,0,1,0,0,180,0,1.547408,0.8443018,-2.460441,-0.02318513,-0.1302571,0.9844303,0.1157259,347.1848,184.4583,344.4242,1.357233,0.8292671,-2.503328,0.1960127,-0.006140734,0.9799953,0.03392183,356.0496,157.3761,0.07250474,1.938056,0.7795472,-2.224886,0.1302984,-0.1306504,0.6898406,0.700052,270.8276,347.3922,171.3411,1.82873,0.7797262,-2.27106,0.007888248,-0.02323899,0.6945325,0.7190427,272.3435,326.6796,210.7975
5.507123,1,0,-1.64,0,0,1,0,0,180,0,1.547289,0.8443212,-2.460444,-0.02321074,-0.1302691,0.9844251,0.1157516,347.1823,184.4618,344.4223,1.357243,0.8291336,-2.503271,0.1957744,-0.006483274,0.9800448,0.03380274,356.0552,157.4055,0.03030274,1.938264,0.7797993,-2.224696,0.1286762,-0.1308229,0.6900991,0.700065,270.8261,337.2707,181.5822,1.828707,0.779335,-2.27122,0.02418265,-0.02904522,0.6941702,0.7188179,272.0356,346.6825,189.0028
5.518518,1,0,-1.64,0,0,1,0,0,180,0,1.547214,0.844339,-2.460434,-0.02325712,-0.1302753,0.9844187,0.1157903,347.1786,184.4679,344.4206,1.357163,0.8291936,-2.503185,0.1957631,-0.006565919,0.980047,0.0337884,356.055,157.4071,0.02063075,1.93909,0.7801554,-2.224422,0.1286731,-0.1308331,0.6900886,0.7000741,270.8273,337.2204,181.6318,1.828941,0.7791699,-2.271174,0.02456003,-0.03947352,0.6937762,0.7186885,272.3528,326.4978,208.3107
5.540658,1,0,-1.64,0,0,1,0,0,180,0,1.54711,0.8443347,-2.460424,-0.02319526,-0.1302759,0.9844283,0.1157204,347.1856,184.4596,344.4219,1.356894,0.8289886,-2.503349,0.1954509,-0.007401489,0.9801255,0.03313904,356.1093,157.4477,359.9107,1.938032,0.7807884,-2.225676,0.1225489,-0.1316224,0.6912973,0.6998324,271.0091,302.8945,216.3971,1.828777,0.7792844,-2.271001,0.03550148,-0.0502866,0.6910897,0.720143,272.6417,329.5499,203.4927
5.552046,1,0,-1.64,0,0,1,0,0,180,0,1.547178,0.8442484,-2.460526,-0.02320798,-0.130245,0.9844316,0.1157243,347.1852,184.4607,344.4254,1.356906,0.828975,-2.503345,0.1954191,-0.00739834,0.9801309,0.03317039,356.1058,157.4514,359.9117,1.938677,0.7812027,-2.225595,0.1225887,-0.1315648,0.6912839,0.6998495,271.005,303.3062,215.9868,1.828756,0.7791018,-2.270774,0.03679534,-0.05062247,0.6923427,0.7188498,272.4226,328.907,204.0035
5.573884,1,0,-1.64,0,0,1,0,0,180,0,1.546859,0.8439945,-2.460565,-0.02309917,-0.1302277,0.9844223,0.1158442,347.1698,184.4499,344.4278,1.355807,0.8290051,-2.504021,0.1956256,-0.007360145,0.9800867,0.03326514,356.096,157.4269,359.9189,1.939253,0.7812343,-2.224914,0.1212523,-0.1321495,0.6913285,0.6999281,271.1248,297.9564,221.3983,1.828699,0.7796674,-2.269702,0.04571224,-0.05831879,0.691546,0.7185217,272.4128,330.7324,200.8286
5.585542,1,0,-1.64,0,0,1,0,0,180,0,1.546823,0.8439367,-2.460649,-0.02330421,-0.1303713,0.9843861,0.1159494,347.1616,184.4774,344.4074,1.356115,0.8289213,-2.503745,0.1953972,-0.007609131,0.9801361,0.03309546,356.1095,157.4548,359.8861,1.937815,0.7810342,-2.225886,0.1196604,-0.1324672,0.6917242,0.6997511,271.2245,291.808,227.6515,1.828964,0.7797189,-2.269429,0.05393448,-0.06445834,0.689266,0.719617,272.6031,336.0732,194.3199
5.607261,1,0,-1.64,0,0,1,0,0,180,0,1.545957,0.8435094,-2.460988,-0.0234105,-0.130558,0.9843482,0.1160399,347.1538,184.4937,344.3833,1.355859,0.82927,-2.503992,0.1956223,-0.007443982,0.9800914,0.0331266,356.1097,157.4278,359.9063,1.939136,0.7810227,-2.224713,0.1191028,-0.1326016,0.6914964,0.7000458,271.2947,292.0951,227.399,1.829321,0.7794235,-2.268308,0.05882142,-0.07350337,0.6898838,0.7177727,272.5539,326.8655,202.3941
5.629365,1,0,-1.64,0,0,1,0,0,180,0,1.548892,0.844632,-2.459464,-0.02265916,-0.1300615,0.984455,0.1158401,347.1626,184.3968,344.453,1.35584,0.8288965,-2.503853,0.1953983,-0.007850206,0.9801377,0.03298514,356.1165,157.4557,359.8565,1.93959,0.7812927,-2.224481,0.1182962,-0.1328828,0.691461,0.7001642,271.3762,290.5913,228.946,1.829837,0.779156,-2.266465,0.06956473,-0.08019095,0.6884084,0.7175124,272.5106,333.8622,193.9776
5.640563,1,0,-1.64,0,0,1,0,0,180,0,1.548383,0.8446356,-2.459917,-0.02285159,-0.1301562,0.9844489,0.115748,347.1766,184.4187,344.4402,1.355983,0.8294387,-2.503865,0.1955896,-0.007299336,0.9800939,0.03327785,356.0959,157.4309,359.9259,1.939371,0.7812023,-2.224752,0.117811,-0.1332824,0.6914749,0.7001564,271.4373,289.0705,230.4737,1.830363,0.7792611,-2.26563,0.06873257,-0.08654161,0.6881753,0.7170783,272.7511,322.0547,205.3346
5.662729,1,0,-1.64,0,0,1,0,0,180,0,1.548272,0.8448088,-2.460066,-0.02304587,-0.1301754,0.9844449,0.1157217,347.1827,184.441,344.4356,1.356151,0.8290913,-2.503685,0.1953788,-0.00755867,0.9801421,0.03303644,356.1173,157.4569,359.8904,1.939979,0.7815694,-2.224593,0.1172019,-0.1336279,0.6914781,0.7001896,271.5063,287.722,231.8437,1.83129,0.7779216,-2.264715,0.0810379,-0.09203831,0.6872485,0.7159967,272.4943,332.0294,193.9079
5.685205,1,0,-1.64,0,0,1,0,0,180,0,1.550594,0.8453305,-2.458853,-0.02267176,-0.1297473,0.9845346,0.1155128,347.1988,184.3885,344.4925,1.35636,0.8290192,-2.503495,0.1952297,-0.007824077,0.9801714,0.03299002,356.1166,157.4754,359.8589,1.93925,0.7810343,-2.224991,0.1161026,-0.134069,0.691565,0.7002025,271.6153,285.4862,234.1334,1.831962,0.7784197,-2.264028,0.08441259,-0.1000873,0.6869715,0.7147917,272.5876,323.1036,201.9
5.707146,1,0,-1.64,0,0,1,0,0,180,0,1.55072,0.8456106,-2.459025,-0.02278613,-0.1297532,0.9845228,0.1155851,347.1923,184.403,344.4897,1.355931,0.8293962,-2.503925,0.1955032,-0.006957376,0.9801038,0.03356679,356.0711,157.4393,359.9705,1.938716,0.7808679,-2.225186,0.115814,-0.1342212,0.6915953,0.7001912,271.6461,284.8472,234.7836,1.831513,0.7798691,-2.263203,0.09019803,-0.1068449,0.6852033,0.7148042,272.752,322.6362,201.3409
5.729422,1,0,-1.64,0,0,1,0,0,180,0,1.549747,0.8453839,-2.459696,-0.02292041,-0.1299489,0.9845111,0.1154377,347.2121,184.4187,344.4662,1.355855,0.8293168,-2.503973,0.1956332,-0.006839405,0.9800789,0.03355939,356.0746,157.4237,359.9842,1.939235,0.7813995,-2.224863,0.1153504,-0.1345025,0.6915992,0.7002099,271.7015,284.0312,235.6145,1.832526,0.7799249,-2.262422,0.1028161,-0.1142167,0.6817833,0.7152306,272.8636,332.3475,189.9913
5.740733,1,0,-1.64,0,0,1,0,0,180,0,1.549775,0.8454033,-2.459702,-0.02290527,-0.1300019,0.984507,0.1154161,347.2146,184.4172,344.4603,1.355784,0.8293108,-2.504028,0.1956587,-0.006782458,0.9800698,0.03368916,356.0613,157.4203,359.9936,1.939412,0.7814416,-2.224946,0.1150461,-0.134779,0.6916126,0.7001936,271.7436,283.3261,236.3218,1.83261,0.7804109,-2.262052,0.1079887,-0.119158,0.6794635,0.7158695,273.086,333.6979,187.8099
5.762782,1,0,-1.64,0,0,1,0,0,180,0,1.550416,0.8457196,-2.459131,-0.0228715,-0.1299428,0.9844831,0.115693,347.1822,184.4173,344.4655,1.356044,0.8286966,-2.503659,0.1955606,-0.007341081,0.980102,0.03320109,356.1036,157.4346,359.9193,1.938876,0.7812372,-2.225297,0.1152078,-0.134638,0.6917428,0.7000655,271.7128,283.0103,236.6359,1.83289,0.7803458,-2.260568,0.1113871,-0.1235581,0.6800308,0.7140619,272.9288,330.7547,190.1131
5.785062,1,0,-1.64,0,0,1,0,0,180,0,1.548845,0.8450729,-2.460034,-0.02317621,-0.1302012,0.9844599,0.1155389,347.2057,184.4533,344.4324,1.356508,0.8287869,-2.50344,0.1954318,-0.007438956,0.9801335,0.03300609,356.1234,157.4503,359.9034,1.938604,0.7809318,-2.225199,0.1132817,-0.134964,0.6919758,0.7000867,271.8759,280.3984,239.3791,1.832477,0.7795714,-2.259084,0.1112027,-0.1252038,0.6826033,0.7113444,272.5906,324.4016,196.3474
5.807251,1,0,-1.64,0,0,1,0,0,180,0,1.548355,0.844604,-2.459897,-0.02313442,-0.130366,0.9843934,0.1159281,347.1614,184.4573,344.4104,1.356713,0.828874,-2.503287,0.1951332,-0.007693714,0.9802002,0.03273483,356.1482,157.4866,359.8675,1.93736,0.7798216,-2.225295,0.1132297,-0.1352476,0.6923453,0.699675,271.8803,278.2917,241.4667,1.832983,0.7792047,-2.258976,0.1149912,-0.1298591,0.6813726,0.7110872,272.6925,323.4456,196.6085
5.829262,1,0,-1.64,0,0,1,0,0,180,0,1.548257,0.8444712,-2.459921,-0.02313486,-0.1303521,0.9843933,0.1159442,347.1595,184.4574,344.4119,1.356387,0.8292933,-2.503764,0.1952873,-0.007532205,0.980161,0.03302455,356.1192,157.4675,359.8928,1.936928,0.7801238,-2.225961,0.1128296,-0.1355502,0.6923344,0.6996919,271.9351,277.8263,241.94,1.83341,0.7791793,-2.258675,0.1191585,-0.1312918,0.6806292,0.71085,272.6389,327.9218,191.6715
5.840531,1,0,-1.64,0,0,1,0,0,180,0,1.548241,0.8444504,-2.459882,-0.02314353,-0.1303557,0.9843959,0.1159165,347.1628,184.458,344.4116,1.356723,0.8291408,-2.503431,0.1951196,-0.007689056,0.9801987,0.03286108,356.1341,157.4879,359.8708,1.936859,0.7801517,-2.226199,0.112828,-0.1358722,0.6926123,0.6993545,271.9455,276.1782,243.5617,1.833777,0.7794473,-2.258731,0.1188992,-0.1335687,0.6798226,0.7112409,272.8099,324.6849,194.7415
5.862629,1,0,-1.64,0,0,1,0,0,180,0,1.54779,0.8442872,-2.460182,-0.0233111,-0.1304999,0.9843501,0.1161086,347.1442,184.4826,344.3909,1.35638,0.8293129,-2.503824,0.195271,-0.007438299,0.9801664,0.03298201,356.1261,157.4691,359.9023,1.936695,0.7798277,-2.225892,0.112645,-0.1361167,0.6927963,0.6991543,271.9703,275.0239,244.7108,1.833356,0.7808696,-2.259165,0.1195454,-0.13234,0.679477,0.7116923,272.809,328.0763,191.3981
5.885007,1,0,-1.64,0,0,1,0,0,180,0,1.54725,0.844223,-2.460458,-0.02346775,-0.1306212,0.9843409,0.1160191,347.1574,184.5008,344.3753,1.356138,0.8288078,-2.503681,0.1951596,-0.008038442,0.9801888,0.03283309,356.1294,157.4846,359.831,1.936785,0.7797701,-2.225418,0.1124826,-0.1361553,0.6925919,0.6993753,271.9954,275.8622,243.8827,1.834096,0.7804257,-2.258759,0.1203854,-0.1340975,0.6799009,0.7108164,272.7406,325.7113,193.5494
5.906956,1,0,-1.64,0,0,1,0,0,180,0,1.54953,0.845065,-2.459133,-0.02285141,-0.130177,0.9844317,0.115871,347.1626,184.4211,344.4367,1.356124,0.8290745,-2.503748,0.1952779,-0.007681058,0.9801595,0.03309188,356.1083,157.4691,359.8775,1.937021,0.7797621,-2.22542,0.1124252,-0.1363126,0.6926082,0.6993378,272.0109,275.6022,244.1345,1.834351,0.7803837,-2.258847,0.1226736,-0.1359192,0.6790159,0.7109252,272.7995,326.9175,192.0042
5.918313,1,0,-1.64,0,0,1,0,0,180,0,1.549549,0.8450671,-2.459039,-0.02283638,-0.1301926,0.9844295,0.1158751,347.162,184.4196,344.435,1.355966,0.829051,-2.503805,0.1955135,-0.007542386,0.9801095,0.03321275,356.0978,157.4408,359.8968,1.937122,0.7795843,-2.225481,0.1122158,-0.1363978,0.6925887,0.6993741,272.0352,275.5472,244.1996,1.835186,0.7820528,-2.258482,0.1234239,-0.136022,0.6793647,0.7104422,272.7173,327.3593,191.4924
5.940333,1,0,-1.64,0,0,1,0,0,180,0,1.551143,0.8453709,-2.458461,-0.02202983,-0.1296187,0.9845654,0.1155191,347.1875,184.3126,344.5157,1.356008,0.8292315,-2.503744,0.1956201,-0.007162998,0.9800855,0.0333744,356.0881,157.4267,359.9435,1.936855,0.7795632,-2.225554,0.1123112,-0.1363471,0.6923344,0.6996204,272.0352,276.7352,243.0078,1.83498,0.780862,-2.257938,0.1226505,-0.1355949,0.6794939,0.7105343,272.7253,326.8382,192.1125
5.962553,1,0,-1.64,0,0,1,0,0,180,0,1.550435,0.8448455,-2.458683,-0.02203558,-0.1296307,0.9845709,0.1154582,347.1946,184.3124,344.5148,1.356163,0.8294566,-2.503736,0.1958746,-0.006657043,0.9800255,0.03374834,356.0574,157.3945,0.009920903,1.9368,0.7794043,-2.225593,0.1119957,-0.1365576,0.6926978,0.6992702,272.0602,274.8565,244.8951,1.836299,0.7810279,-2.258116,0.1223166,-0.135839,0.678852,0.7111585,272.8381,326.7662,192.1913
5.984806,1,0,-1.64,0,0,1,0,0,180,0,1.550555,0.8448,-2.458489,-0.02200397,-0.1296309,0.9845656,0.115509,347.1883,184.3096,344.5147,1.356678,0.8290334,-2.503483,0.1956125,-0.007007811,0.9800852,0.03346131,356.0818,157.4269,359.9629,1.936874,0.779714,-2.225616,0.1119213,-0.1365352,0.6926728,0.6993112,272.0657,274.9733,244.7863,1.8362,0.7808482,-2.258413,0.1203808,-0.1331211,0.6775735,0.713219,273.0676,330.0022,189.3378
6.00709,1,0,-1.64,0,0,1,0,0,180,0,1.550848,0.8455497,-2.459086,-0.02217066,-0.1295673,0.9846371,0.1149368,347.2559,184.3184,344.5247,1.356789,0.8288534,-2.503307,0.1953875,-0.007425447,0.9801335,0.03327256,356.0937,157.455,359.9108,1.937093,0.7799017,-2.225596,0.1120973,-0.1366473,0.6928024,0.6991327,272.0541,274.3271,245.4088,1.837263,0.78099,-2.25731,0.1147711,-0.1300525,0.6798857,0.7125093,272.9193,324.9285,195.1268
6.029106,1,0,-1.64,0,0,1,0,0,180,0,1.550952,0.8455899,-2.45904,-0.02222116,-0.1296147,0.9846277,0.1149545,347.2549,184.3252,344.5183,1.35632,0.829061,-2.503732,0.1953997,-0.007364637,0.9801309,0.03328878,356.0933,157.4534,359.918,1.936204,0.7791024,-2.225678,0.1116495,-0.1366947,0.692874,0.6991242,272.0917,273.8968,245.8719,1.835217,0.7818853,-2.256353,0.1050264,-0.1198244,0.6815563,0.7142076,272.905,326.4679,195.2292
6.051507,1,0,-1.64,0,0,1,0,0,180,0,1.549343,0.8449368,-2.459593,-0.02219773,-0.129742,0.984601,0.1150446,347.2448,184.3257,344.5029,1.356296,0.8287665,-2.503567,0.1952959,-0.007794529,0.9801584,0.03298784,356.1175,157.4675,359.8625,1.937105,0.7797194,-2.225512,0.1118425,-0.1368374,0.6929251,0.6990147,272.0847,273.5631,246.1781,1.833831,0.7808303,-2.256896,0.09544571,-0.1090445,0.683268,0.7156426,272.8455,328.8989,194.4682
6.073647,1,0,-1.64,0,0,1,0,0,180,0,1.549243,0.8450951,-2.459824,-0.02221835,-0.1298473,0.984607,0.1148705,347.2654,184.3265,344.4917,1.355885,0.8283863,-2.503669,0.1951593,-0.00817382,0.9801863,0.03287556,356.1216,157.485,359.8167,1.93825,0.7803898,-2.224878,0.1118253,-0.1366365,0.6927223,0.6992578,272.079,274.6366,245.1225,1.833817,0.7809165,-2.257548,0.08516699,-0.09698112,0.6840435,0.7179316,272.9083,333.3778,191.8171
6.095684,1,0,-1.64,0,0,1,0,0,180,0,1.549386,0.8450909,-2.459815,-0.02214831,-0.1297798,0.9846025,0.114998,347.2495,184.3197,344.4995,1.352899,0.827027,-2.505268,0.1954334,-0.008468855,0.9801195,0.03316604,356.0823,157.4537,359.7911,1.937999,0.7803708,-2.225355,0.1117178,-0.1367469,0.6925902,0.6993842,272.1016,275.0659,244.6929,1.834252,0.7818865,-2.257894,0.07459839,-0.08492607,0.6842377,0.7204453,273.0512,337.6009,189.4409
6.106943,1,0,-1.64,0,0,1,0,0,180,0,1.549389,0.8451064,-2.459823,-0.02214988,-0.1297734,0.9846045,0.1149874,347.2507,184.3196,344.5003,1.35356,0.8272595,-2.504781,0.1952409,-0.008668614,0.9801615,0.03300514,356.0959,157.4771,359.7642,1.93806,0.7804236,-2.225365,0.1119731,-0.1366357,0.6922783,0.6996739,272.0863,276.566,243.181,1.834214,0.781837,-2.257816,0.06872638,-0.07869814,0.6847427,0.7212564,273.0672,338.7393,189.289
6.118042,1,0,-1.64,0,0,1,0,0,180,0,1.549118,0.8450613,-2.459853,-0.02239528,-0.1300748,0.9845299,0.1152385,347.2272,184.3562,344.4597,1.353402,0.8273631,-2.504883,0.195262,-0.008688424,0.9801591,0.03294532,356.1022,157.4748,359.7607,1.937373,0.7799338,-2.225691,0.1113477,-0.1369622,0.6929046,0.6990896,272.1353,273.4608,246.3107,1.833986,0.7807684,-2.256811,0.06274854,-0.07223273,0.6851268,0.7221124,273.0943,340.1386,188.9034
6.140309,1,0,-1.64,0,0,1,0,0,180,0,1.54878,0.8449165,-2.460022,-0.02255755,-0.130253,0.9844847,0.1153914,347.2131,184.3799,344.4354,1.353707,0.827909,-2.504773,0.1954671,-0.008328442,0.9801171,0.03307284,356.0959,157.4493,359.805,1.936731,0.7795616,-2.225681,0.1112875,-0.1369345,0.6929282,0.6990813,272.137,273.3805,246.3982,1.833783,0.7807451,-2.256813,0.05593103,-0.06546392,0.6854693,0.7229925,273.1374,340.8193,189.3284
6.162571,1,0,-1.64,0,0,1,0,0,180,0,1.548415,0.8447005,-2.460098,-0.02275476,-0.1304848,0.9844288,0.1155684,347.197,184.4088,344.4042,1.35477,0.8291408,-2.504325,0.1957259,-0.007291661,0.9800528,0.03368518,356.0503,157.4143,359.9365,1.935583,0.7788178,-2.226122,0.1111253,-0.136947,0.6930885,0.6989456,272.1455,272.6755,247.1154,1.833688,0.7809544,-2.25706,0.05638414,-0.06501931,0.6856775,0.7227999,273.0886,341.9787,188.1685
6.184538,1,0,-1.64,0,0,1,0,0,180,0,1.547234,0.8442694,-2.46055,-0.02296789,-0.1306205,0.9843802,0.1157862,347.1761,184.4389,344.3837,1.355449,0.8288884,-2.50374,0.1956691,-0.007586784,0.980069,0.03347925,356.0668,157.4224,359.8984,1.936201,0.7793739,-2.225678,0.111199,-0.1368788,0.6930856,0.6989502,272.1344,272.7597,247.0308,1.834058,0.781213,-2.256942,0.05897414,-0.06744568,0.6849163,0.7230926,273.169,342.3578,187.3809
6.207403,1,0,-1.64,0,0,1,0,0,180,0,1.549173,0.8446435,-2.459502,-0.02239163,-0.1302037,0.9844859,0.1154696,347.2014,184.3614,344.4427,1.355648,0.8290756,-2.503954,0.1958749,-0.007091294,0.980028,0.03358356,356.0662,157.3963,359.9573,1.936341,0.778867,-2.225541,0.1108176,-0.1367305,0.6928979,0.6992258,272.1615,273.6401,246.194,1.833859,0.7810949,-2.256845,0.05908983,-0.06745024,0.684783,0.7232089,273.1867,342.5898,187.1391
6.22903,1,0,-1.64,0,0,1,0,0,180,0,1.549161,0.8445584,-2.459402,-0.02243947,-0.1302286,0.9844846,0.1154434,347.2052,184.3668,344.4394,1.355808,0.8288346,-2.503787,0.1956967,-0.007589167,0.9800661,0.03340141,356.0755,157.4193,359.8965,1.936492,0.7793682,-2.225837,0.1108258,-0.1368165,0.6929166,0.6991892,272.1665,273.4815,246.3448,1.833764,0.7807482,-2.256588,0.05854224,-0.06708992,0.6846063,0.7234542,273.2235,342.4924,187.3104
6.251374,1,0,-1.64,0,0,1,0,0,180,0,1.551517,0.8457682,-2.45852,-0.02197762,-0.1298437,0.984576,0.1151856,347.2257,184.3039,344.4926,1.355951,0.828686,-2.503671,0.1956153,-0.007882939,0.9800878,0.0331747,356.0944,157.4302,359.858,1.936507,0.7791033,-2.225657,0.1106534,-0.1368085,0.6927629,0.6993704,272.186,274.0984,245.7426,1.834051,0.781489,-2.257223,0.05929085,-0.06703974,0.684391,0.7236016,273.239,343.694,186.0518
6.27351,1,0,-1.64,0,0,1,0,0,180,0,1.551646,0.845779,-2.458374,-0.02199039,-0.1297863,0.9845808,0.1152067,347.2233,184.305,344.499,1.355987,0.8285849,-2.503659,0.1953892,-0.008206345,0.980139,0.03291198,356.1168,157.4582,359.8148,1.937141,0.779556,-2.225516,0.1108048,-0.1370079,0.6926895,0.69938,272.1914,274.2296,245.5826,1.834223,0.7813148,-2.257019,0.05928655,-0.06699464,0.6841112,0.7238707,273.282,343.9032,185.8466
6.284645,1,0,-1.64,0,0,1,0,0,180,0,1.550963,0.8459697,-2.459058,-0.02231993,-0.1299774,0.9845628,0.1150816,347.2435,184.3435,344.4734,1.355575,0.8289001,-2.503949,0.1955763,-0.007888874,0.9800976,0.03311194,356.1013,157.4349,359.8557,1.937168,0.7796447,-2.225616,0.1109967,-0.1371146,0.6925843,0.6994329,272.1879,274.5871,245.2005,1.834199,0.7812312,-2.257018,0.05925979,-0.06701941,0.6840922,0.7238885,273.2857,343.8416,185.9083
6.306852,1,0,-1.64,0,0,1,0,0,180,0,1.550822,0.8459171,-2.459073,-0.02228022,-0.1300538,0.984543,0.1151724,347.2328,184.3415,344.4641,1.355782,0.8292471,-2.503924,0.1958328,-0.007464662,0.980038,0.0334576,356.072,157.4028,359.9123,1.937461,0.7800969,-2.225567,0.1109935,-0.1371844,0.6925787,0.6994252,272.1937,274.5406,245.2415,1.83457,0.7823687,-2.257763,0.05795493,-0.06669828,0.6836553,0.7244363,273.38,342.8401,187.0419
6.329136,1,0,-1.64,0,0,1,0,0,180,0,1.549839,0.8455257,-2.459557,-0.02234997,-0.1300895,0.9845399,0.1151453,347.2372,184.3495,344.4593,1.356028,0.8293763,-2.503814,0.1960218,-0.007062376,0.9799967,0.03364511,356.0599,157.3789,359.9626,1.937422,0.7804663,-2.225932,0.1114617,-0.1373015,0.6926117,0.6992951,272.1628,274.3686,245.3654,1.834662,0.7824952,-2.257772,0.05775336,-0.06671047,0.6837023,0.724407,273.3777,342.5385,187.3589
6.351209,1,0,-1.64,0,0,1,0,0,180,0,1.548703,0.8451891,-2.46021,-0.02269006,-0.1302115,0.9845315,0.1150123,347.2582,184.3882,344.4417,1.356189,0.8296681,-2.503894,0.1963864,-0.006255808,0.979911,0.03417179,356.0189,157.3324,0.06670891,1.937178,0.779303,-2.225286,0.1092138,-0.1379507,0.6983013,0.6938424,272.3566,251.1127,268.7522,1.834841,0.7818876,-2.257252,0.05735776,-0.06663471,0.6836656,0.72448,273.3919,342.1623,187.7734
6.362651,1,0,-1.64,0,0,1,0,0,180,0,1.547741,0.844737,-2.460646,-0.02272983,-0.1303213,0.9845192,0.1149853,347.2624,184.3938,344.4285,1.356375,0.8295997,-2.503723,0.1963845,-0.006272176,0.9799123,0.03414253,356.0218,157.3327,0.06419759,1.936415,0.7780078,-2.224828,0.107525,-0.1377013,0.7003385,0.6921002,272.5348,244.742,275.2818,1.83403,0.7809305,-2.256105,0.05769638,-0.06670438,0.6834558,0.7246446,273.4168,342.6148,187.2876
6.384814,1,0,-1.64,0,0,1,0,0,180,0,1.547608,0.8447993,-2.460726,-0.02280789,-0.1303249,0.9845158,0.114995,347.2625,184.4031,344.427,1.356488,0.8289398,-2.503517,0.1960849,-0.006888758,0.9799803,0.03379101,356.0474,157.3706,359.9857,1.936463,0.7783184,-2.226175,0.1036244,-0.132817,0.6980366,0.6959645,272.3716,256.3134,264.4336,1.833453,0.7807866,-2.256312,0.05757105,-0.06682263,0.6832839,0.7248058,273.4474,342.3905,187.5125
6.407014,1,0,-1.64,0,0,1,0,0,180,0,1.547087,0.8442425,-2.460601,-0.02275885,-0.1303294,0.9844685,0.1154043,347.2151,184.4044,344.4237,1.356054,0.8291615,-2.504007,0.1962998,-0.006697607,0.9799321,0.0339784,356.0307,157.3445,0.01226239,1.933649,0.7758263,-2.227208,0.1024535,-0.1307536,0.696115,0.6984488,272.301,265.2209,255.7921,1.83316,0.7807622,-2.25633,0.05768368,-0.06681758,0.6832877,0.7247937,273.4442,342.5363,187.3579
6.429274,1,0,-1.64,0,0,1,0,0,180,0,1.546925,0.8439616,-2.46056,-0.0226872,-0.1303863,0.984447,0.1155372,347.1991,184.3991,344.4169,1.356308,0.8287005,-2.503615,0.196231,-0.006651879,0.9799442,0.03403817,356.025,157.3523,0.01847924,1.933393,0.7760097,-2.227725,0.1037891,-0.1297412,0.6923059,0.7022161,272.2512,281.3934,239.5932,1.832995,0.7811839,-2.256433,0.05764407,-0.06674311,0.6831992,0.7248872,273.4579,342.6391,187.2643
6.451525,1,0,-1.64,0,0,1,0,0,180,0,1.546289,0.8437659,-2.460867,-0.02280968,-0.130568,0.9844038,0.1156763,347.1859,184.4181,344.3928,1.356689,0.8286661,-2.503461,0.1960653,-0.00715802,0.9799901,0.03356331,356.067,157.3743,359.9501,1.932924,0.777128,-2.226965,0.1046957,-0.1306129,0.6907548,0.7034466,272.3383,286.5114,234.3288,1.834408,0.7819089,-2.257451,0.05846456,-0.06678048,0.6826399,0.7253448,273.5259,343.8974,185.936
6.473386,1,0,-1.64,0,0,1,0,0,180,0,1.54588,0.8434818,-2.461048,-0.02301333,-0.1306702,0.9843571,0.1159172,347.1621,184.4471,344.3762,1.356254,0.828974,-2.503875,0.1961448,-0.007134012,0.9799731,0.03360219,356.0631,157.3648,359.954,1.933499,0.7793833,-2.228423,0.1029154,-0.1315013,0.6947486,0.6996001,272.3495,270.089,250.8244,1.834506,0.781627,-2.257055,0.05864935,-0.06666096,0.6823894,0.7255765,273.5596,344.4046,185.4234
6.484566,1,0,-1.64,0,0,1,0,0,180,0,1.54578,0.8434414,-2.461067,-0.02302017,-0.1306494,0.9843613,0.1159042,347.1636,184.4474,344.3787,1.356253,0.828971,-2.503886,0.1961854,-0.00711319,0.9799642,0.03362963,356.0605,157.36,359.9572,1.934493,0.7787928,-2.226773,0.1042244,-0.1316797,0.6950858,0.6990375,272.2478,268.5861,252.2054,1.834558,0.7815845,-2.256963,0.05860036,-0.06671409,0.6824244,0.7255427,273.5556,344.2569,185.5708
6.506823,1,0,-1.64,0,0,1,0,0,180,0,1.545365,0.8432568,-2.461163,-0.02300256,-0.1306616,0.9843453,0.1160296,347.1491,184.4477,344.3764,1.356203,0.8291619,-2.503854,0.1961791,-0.007131,0.9799666,0.03359206,356.0644,157.3608,359.9543,1.934072,0.7789459,-2.227011,0.1046451,-0.1315449,0.693979,0.700099,272.2354,273.2013,247.5667,1.834254,0.7813064,-2.256467,0.05870271,-0.06662472,0.6820697,0.7258761,273.6077,344.6626,185.1639
6.518308,1,0,-1.64,0,0,1,0,0,180,0,1.545273,0.8432688,-2.461311,-0.02314432,-0.1307357,0.9843141,0.1161825,347.1342,184.4677,344.3646,1.356197,0.8291656,-2.503876,0.1962247,-0.00704112,0.9799569,0.03362644,356.0625,157.3551,359.9654,1.935424,0.7788869,-2.225857,0.1047522,-0.1311768,0.6929765,0.7011443,272.2411,277.571,243.2184,1.834247,0.7813656,-2.256589,0.05873195,-0.06663674,0.6820084,0.7259302,273.6166,344.709,185.1141
6.540029,1,0,-1.64,0,0,1,0,0,180,0,1.545275,0.8431762,-2.461224,-0.02329426,-0.1308117,0.9842889,0.1162799,347.1258,184.4877,344.353,1.355949,0.8294727,-2.504097,0.196451,-0.006495193,0.9799028,0.03399045,356.0339,157.326,0.03593035,1.935558,0.7791978,-2.225968,0.1062288,-0.1351811,0.6991618,0.6939844,272.3832,250.0305,270.3078,1.834019,0.7814297,-2.256716,0.05861857,-0.0665668,0.6821147,0.725846,273.6021,344.6179,185.2202
6.551373,1,0,-1.64,0,0,1,0,0,180,0,1.545168,0.8431512,-2.461221,-0.02329934,-0.1308266,0.9842872,0.1162769,347.1263,184.4884,344.3512,1.356469,0.8297049,-2.503724,0.1963836,-0.006310838,0.9799173,0.03399613,356.0374,157.3332,0.05653513,1.935457,0.7776873,-2.225036,0.1074081,-0.1390392,0.7040642,0.688059,272.8727,233.1216,286.8003,1.83397,0.7813911,-2.256668,0.05862761,-0.06658974,0.682098,0.7258588,273.6047,344.6058,185.2297
6.562586,1,0,-1.64,0,0,1,0,0,180,0,1.545058,0.84313,-2.461226,-0.02328041,-0.1308397,0.9842839,0.1162942,347.1241,184.4867,344.3497,1.353648,0.8281121,-2.505338,0.1969672,-0.005626362,0.9797727,0.03489764,355.9516,157.2607,0.1563648,1.936449,0.7780092,-2.226527,0.1111147,-0.1390708,0.6975365,0.6940863,272.2826,252.7727,266.8438,1.833894,0.78133,-2.256691,0.05861204,-0.06650627,0.6820987,0.725867,273.6043,344.6976,185.146
6.585116,1,0,-1.64,0,0,1,0,0,180,0,1.548485,0.8441604,-2.459607,-0.02223547,-0.1300386,0.9844579,0.1159233,347.1464,184.3489,344.4604,1.354695,0.8280493,-2.504516,0.1966993,-0.005943462,0.9798282,0.0347953,355.9559,157.2935,0.1172485,1.936876,0.7781141,-2.226766,0.1192056,-0.1463355,0.696561,0.6922273,272.2263,250.0998,268.2513,1.833787,0.7814587,-2.256751,0.05862672,-0.06653345,0.6821293,0.7258347,273.5994,344.6656,185.1745
6.606882,1,0,-1.64,0,0,1,0,0,180,0,1.548466,0.8443954,-2.459846,-0.02204735,-0.1300041,0.9844936,0.1156949,347.1694,184.3227,344.4688,1.354923,0.8285223,-2.50434,0.1968687,-0.00565676,0.9797919,0.03490956,355.9495,157.2724,0.152806,1.937372,0.7790778,-2.226465,0.1283286,-0.1556044,0.6944665,0.6906775,272.2314,250.5072,266.3242,1.83367,0.7814881,-2.256734,0.05860373,-0.06643043,0.6821166,0.7258578,273.6011,344.7805,185.0699
6.628885,1,0,-1.64,0,0,1,0,0,180,0,1.548476,0.8445201,-2.46001,-0.02202323,-0.1300484,0.9844982,0.1156101,347.1789,184.3191,344.4645,1.355491,0.8291477,-2.50415,0.1970047,-0.005217656,0.9797617,0.03505585,355.943,157.2545,0.2061065,1.937621,0.7787588,-2.225369,0.1427497,-0.1694218,0.6924371,0.6866219,272.2119,244.9457,269.5446,1.833558,0.7814624,-2.256656,0.0585775,-0.06642754,0.6821618,0.7258177,273.5947,344.7326,185.1202
6.640174,1,0,-1.64,0,0,1,0,0,180,0,1.548458,0.844533,-2.460002,-0.02203894,-0.1300159,0.9845004,0.1156253,347.1772,184.3207,344.468,1.356198,0.8290805,-2.503691,0.196684,-0.005609018,0.9798346,0.03475798,355.9676,157.2941,0.1539833,1.937523,0.7783828,-2.225257,0.1470518,-0.1735699,0.6918561,0.6852622,272.2144,242.9299,270.8577,1.833523,0.7815047,-2.256601,0.05849814,-0.06636892,0.6821841,0.7258085,273.5925,344.7047,185.1594
6.662402,1,0,-1.64,0,0,1,0,0,180,0,1.548444,0.844528,-2.459992,-0.02204838,-0.1300056,0.9845061,0.1155865,347.1818,184.321,344.4695,1.356212,0.8294977,-2.503822,0.1966944,-0.005270328,0.9798346,0.03475395,355.9757,157.2916,0.1920547,1.93827,0.7794387,-2.227187,0.155775,-0.1831604,0.6897972,0.6829102,272.2881,242.0143,270.2466,1.833358,0.7814747,-2.256612,0.05844779,-0.06638275,0.6822249,0.725773,273.5873,344.6068,185.2602
6.67369,1,0,-1.64,0,0,1,0,0,180,0,1.548443,0.844513,-2.459983,-0.0220562,-0.1300049,0.9845074,0.1155744,347.1833,184.3217,344.4695,1.356226,0.8297632,-2.503882,0.1969111,-0.00503585,0.9797851,0.03495476,355.9585,157.265,0.2238878,1.93818,0.7793006,-2.227489,0.1629435,-0.1902376,0.688347,0.6807624,272.2955,240.0053,271.0649,1.833299,0.7814791,-2.256594,0.05843909,-0.06636571,0.682294,0.7257103,273.5765,344.5879,185.2813
6.695926,1,0,-1.64,0,0,1,0,0,180,0,1.54745,0.8443633,-2.460598,-0.02235201,-0.1303253,0.984457,0.1155866,347.1879,184.3604,344.4279,1.356559,0.8291866,-2.503475,0.1965796,-0.005488778,0.9798566,0.03474818,355.9714,157.3059,0.1668647,1.939046,0.7805826,-2.22768,0.1814371,-0.2070052,0.684465,0.675083,272.207,233.9045,274.2047,1.83316,0.7818927,-2.256597,0.05916841,-0.06692444,0.6822022,0.7256861,273.5796,344.7689,184.9954
6.718091,1,0,-1.64,0,0,1,0,0,180,0,1.547303,0.8442337,-2.460557,-0.02238963,-0.1304923,0.9843948,0.1159199,347.1512,184.3726,344.4051,1.356834,0.8288867,-2.503289,0.1963504,-0.006050644,0.9799124,0.03437442,356.0007,157.3355,0.09423212,1.940068,0.7826288,-2.228071,0.2043553,-0.2218585,0.6799489,0.6683466,271.7016,218.9183,285.9969,1.832968,0.7819553,-2.256434,0.05865384,-0.0665729,0.6823713,0.7256013,273.5617,344.5368,185.298
6.740262,1,0,-1.64,0,0,1,0,0,180,0,1.547077,0.8439558,-2.460625,-0.02239409,-0.1304689,0.9843876,0.1160059,347.1414,184.3743,344.4071,1.356819,0.8293918,-2.503575,0.1964856,-0.005737893,0.9798815,0.0345356,355.9897,157.3182,0.1336309,1.940484,0.7828237,-2.226934,0.2270114,-0.2383173,0.6735123,0.6618549,271.3158,204.9112,296.6654,1.83282,0.7821176,-2.256382,0.05880487,-0.06680322,0.682466,0.7254788,273.5455,344.3679,185.4359
6.762406,1,0,-1.64,0,0,1,0,0,180,0,1.54642,0.8437361,-2.460907,-0.02266563,-0.1306469,0.9843411,0.1161476,347.1302,184.4105,344.3815,1.356931,0.8289514,-2.503383,0.1963015,-0.006245131,0.9799274,0.03419178,356.0169,157.3422,0.06801663,1.940779,0.7808137,-2.225924,0.2486815,-0.2542322,0.6675032,0.6541888,271.1683,181.7985,316.5371,1.832586,0.7819365,-2.256235,0.05880929,-0.06689451,0.6823186,0.7256086,273.5689,344.3188,185.4772
6.773642,1,0,-1.64,0,0,1,0,0,180,0,1.546368,0.8435705,-2.460896,-0.02285046,-0.1306838,0.9843172,0.1162721,347.1191,184.4345,344.3738,1.356349,0.8290186,-2.503878,0.1964413,-0.00616227,0.9798993,0.03420987,356.0167,157.3255,0.07832102,1.940329,0.7801027,-2.225996,0.2560318,-0.2580306,0.6660092,0.6513829,271.1962,166.4652,330.9022,1.832465,0.7818378,-2.256256,0.05886,-0.0668577,0.6825225,0.7254162,273.5359,344.3357,185.4592
6.79584,1,0,-1.64,0,0,1,0,0,180,0,1.545753,0.8434001,-2.461057,-0.02295203,-0.1309048,0.9842647,0.1164485,347.1016,184.4522,344.345,1.355893,0.8291422,-2.504273,0.1967115,-0.005841908,0.979838,0.03446812,355.9949,157.2923,0.1213225,1.940502,0.7803624,-2.227233,0.2668413,-0.2721694,0.6601208,0.6472713,271.1269,180.1162,315.073,1.832327,0.7819384,-2.256209,0.06066544,-0.06861781,0.6821771,0.725428,273.5639,344.334,185.1707
6.817826,1,0,-1.64,0,0,1,0,0,180,0,1.545643,0.8433337,-2.460988,-0.02293178,-0.1309378,0.984246,0.1165735,347.0872,184.4525,344.3403,1.355646,0.8292852,-2.504276,0.1967498,-0.005758938,0.979825,0.03463363,355.9782,157.2872,0.134565,1.940458,0.7795218,-2.226456,0.282845,-0.28588,0.6536108,0.641143,271.0397,169.9678,322.6049,1.832026,0.7818008,-2.256223,0.06209308,-0.07013579,0.6822281,0.725114,273.536,344.0107,185.2542
6.829392,1,0,-1.64,0,0,1,0,0,180,0,1.545555,0.8432788,-2.460992,-0.02294963,-0.1309405,0.9842513,0.1165222,347.0933,184.4537,344.3402,1.356194,0.8289096,-2.503649,0.1965015,-0.006188759,0.9798885,0.03416849,356.0208,157.3186,0.07464894,1.936043,0.7734885,-2.227008,0.2919087,-0.2932882,0.6498869,0.6375095,271.0091,161.915,329.1958,1.831938,0.7817626,-2.256179,0.06219568,-0.07011541,0.6821586,0.7251725,273.5443,344.1966,185.0616
6.851184,1,0,-1.64,0,0,1,0,0,180,0,1.544892,0.8430091,-2.461537,-0.02314813,-0.1310869,0.9842268,0.1165249,347.0968,184.4786,344.3204,1.356196,0.8293296,-2.503872,0.1966334,-0.005784467,0.979854,0.03446912,355.9961,157.3012,0.1274903,1.934653,0.7705479,-2.22642,0.3049314,-0.3072741,0.6445307,0.6302218,271.175,163.6454,325.0488,1.831731,0.7818369,-2.256158,0.0613883,-0.06918347,0.6821774,0.7253131,273.5523,344.4564,184.9434
6.873499,1,0,-1.64,0,0,1,0,0,180,0,1.544622,0.8428096,-2.461625,-0.02322728,-0.1311852,0.9841948,0.1166691,347.082,184.4916,344.3066,1.356337,0.8295043,-2.503876,0.1968077,-0.005501204,0.9798168,0.03457706,355.9904,157.2795,0.1625291,1.933702,0.768432,-2.225533,0.3156469,-0.3203469,0.6384873,0.624563,271.1907,171.9243,314.6216,1.832035,0.7821092,-2.256092,0.06152426,-0.0692268,0.6823177,0.7251655,273.528,344.5017,184.8836
6.895545,1,0,-1.64,0,0,1,0,0,180,0,1.548335,0.8440495,-2.459585,-0.02203295,-0.130444,0.9843438,0.1164739,347.0822,184.3402,344.4109,1.356537,0.8296755,-2.503945,0.1969105,-0.005081235,0.9797926,0.03474168,355.9814,157.2656,0.2139471,1.932875,0.7670735,-2.224981,0.3257791,-0.3316413,0.6329429,0.6190844,271.219,175.225,309.3683,1.831858,0.7818238,-2.256128,0.06143158,-0.06912349,0.6823366,0.7251655,273.5264,344.519,184.8822
6.917875,1,0,-1.64,0,0,1,0,0,180,0,1.547595,0.844112,-2.46025,-0.02233729,-0.1305951,0.984341,0.1162709,347.1108,184.3739,344.3908,1.356769,0.8288629,-2.503438,0.1964597,-0.006134348,0.9798977,0.03415243,356.0238,157.3234,0.08024005,1.931721,0.7721896,-2.22354,0.3289684,-0.3462482,0.6280133,0.6144032,271.7825,203.2522,279.7022,1.831792,0.7818727,-2.25612,0.06143856,-0.06912032,0.6823319,0.7251697,273.5269,344.5341,184.8668
6.940029,1,0,-1.64,0,0,1,0,0,180,0,1.549668,0.8450366,-2.459556,-0.02182963,-0.1302601,0.9844443,0.1158671,347.1475,184.3039,344.44,1.356049,0.8282608,-2.503793,0.1961487,-0.00706887,0.9799709,0.03365902,356.0582,157.364,359.9626,1.934865,0.7749743,-2.227004,0.3373905,-0.3564293,0.6235767,0.6085047,271.9674,202.2481,278.9817,1.831818,0.7817192,-2.256202,0.06142821,-0.06902035,0.6824254,0.7250919,273.512,344.6153,184.7946
6.962117,1,0,-1.64,0,0,1,0,0,180,0,1.549895,0.8453439,-2.45957,-0.0219946,-0.1303425,0.9844145,0.115997,347.1356,184.3263,344.4272,1.355589,0.8287568,-2.504181,0.1963417,-0.006919475,0.9799306,0.03373507,356.053,157.3408,359.982,1.934219,0.7747454,-2.227163,0.3477524,-0.3681312,0.6170992,0.602276,272.042,203.5517,275.6147,1.831825,0.7817054,-2.256155,0.06145158,-0.06904164,0.6824252,0.7250882,273.5117,344.6153,184.7909
6.974375,1,0,-1.64,0,0,1,0,0,180,0,1.549948,0.8453674,-2.459569,-0.02196701,-0.1303692,0.984413,0.1159843,347.1367,184.3232,344.4245,1.355642,0.828548,-2.503976,0.1962215,-0.007113721,0.9799568,0.03363373,356.0601,157.3557,359.9573,1.93396,0.7747899,-2.227074,0.351362,-0.3778377,0.6129685,0.5983753,272.4497,210.0898,267.8163,1.831746,0.7817126,-2.256125,0.06146642,-0.06905239,0.6824462,0.7250661,273.5081,344.6096,184.7946
6.985584,1,0,-1.64,0,0,1,0,0,180,0,1.549986,0.8454005,-2.459551,-0.02197072,-0.1303489,0.984417,0.1159727,347.138,184.3232,344.4269,1.355866,0.828656,-2.503856,0.1961592,-0.007098044,0.9799711,0.0335849,356.0659,157.363,359.9577,1.933899,0.7761237,-2.227573,0.3576363,-0.3852401,0.6086367,0.5943464,272.5189,210.9331,265.6738,1.831542,0.7816147,-2.256147,0.06139166,-0.06900774,0.68252,0.7250072,273.4981,344.5443,184.8696
7.006916,1,0,-1.64,0,0,1,0,0,180,0,1.552418,0.846028,-2.458291,-0.02108192,-0.1296659,0.9845573,0.1157118,347.151,184.2068,344.5208,1.35585,0.8289794,-2.503937,0.1963549,-0.006869921,0.9799285,0.03372987,356.0547,157.3391,359.9875,1.93494,0.7738844,-2.225295,0.3700661,-0.39151,0.6042514,0.5870701,272.2265,198.7079,276.113,1.831527,0.781643,-2.256112,0.06137386,-0.06897909,0.682503,0.7250274,273.5009,344.5691,184.8487
7.028681,1,0,-1.64,0,0,1,0,0,180,0,1.552175,0.845774,-2.458386,-0.02107346,-0.1297102,0.9845573,0.1156638,347.1565,184.2056,344.5161,1.356032,0.8286484,-2.503837,0.1961516,-0.007409481,0.9799777,0.03336719,356.0834,157.3654,359.9178,1.936246,0.7747713,-2.223283,0.3807719,-0.4022954,0.5975803,0.5797146,272.2666,196.676,276.065,1.832578,0.7816786,-2.256297,0.06138938,-0.06882534,0.6826096,0.7249404,273.4831,344.7514,184.6776
7.051154,1,0,-1.64,0,0,1,0,0,180,0,1.551795,0.8460993,-2.458875,-0.021462,-0.1300902,0.9845125,0.1155473,347.1775,184.2536,344.4673,1.355162,0.8290823,-2.504462,0.1964405,-0.007199943,0.9799182,0.0334603,356.0776,157.3307,359.9446,1.942229,0.7779135,-2.219314,0.3900063,-0.4163097,0.590407,0.5709649,272.6505,198.7587,271.6985,1.832478,0.7816137,-2.2563,0.06143937,-0.06884157,0.6826862,0.7248625,273.4703,344.7575,184.6662
7.07318,1,0,-1.64,0,0,1,0,0,180,0,1.551068,0.8456772,-2.458919,-0.0211362,-0.1300019,0.9845477,0.1154065,347.1881,184.2124,344.483,1.355349,0.8296033,-2.504392,0.1964764,-0.006840597,0.9799073,0.03364575,356.0648,157.3249,359.9894,1.945194,0.7787158,-2.216324,0.4056421,-0.4275368,0.5809907,0.5613525,272.3834,192.0043,275.7847,1.832529,0.7816105,-2.256356,0.06131545,-0.06872664,0.6827145,0.7248573,273.4676,344.7476,184.6955
7.095486,1,0,-1.64,0,0,1,0,0,180,0,1.551006,0.8458194,-2.459199,-0.02140883,-0.1302481,0.9845145,0.1153615,347.1985,184.2464,344.4508,1.355735,0.8294106,-2.50416,0.1966377,-0.006566952,0.9798715,0.03379937,356.0537,157.3047,0.02428913,1.947188,0.7799858,-2.215686,0.4182574,-0.4414276,0.5722898,0.5501699,272.5957,188.8803,276.2232,1.83544,0.7812476,-2.257387,0.06136038,-0.06873011,0.6827214,0.7248466,273.4657,344.7962,184.643
7.117598,1,0,-1.64,0,0,1,0,0,180,0,1.552555,0.8464446,-2.458432,-0.02110429,-0.1298421,0.9845889,0.1152409,347.2058,184.2038,344.5035,1.353285,0.8283092,-2.505542,0.1971122,-0.005836871,0.9797447,0.0348304,355.9544,157.2447,0.1317483,1.948151,0.7804653,-2.214499,0.4308372,-0.4540082,0.5623938,0.5403417,272.5919,187.6735,274.8387,1.835697,0.7812152,-2.257272,0.06168308,-0.0689439,0.6826121,0.7249018,273.4773,344.9555,184.44
7.128795,1,0,-1.64,0,0,1,0,0,180,0,1.552127,0.8463975,-2.458761,-0.0212097,-0.1300834,0.9845493,0.1152869,347.2032,184.22,344.4734,1.352328,0.8268684,-2.505682,0.1971465,-0.005536959,0.9797279,0.03515441,355.9247,157.239,0.1729961,1.949019,0.7807603,-2.214638,0.4325156,-0.4532602,0.5616047,0.5404496,272.4008,185.648,276.7708,1.83577,0.7811309,-2.257316,0.06146689,-0.06862444,0.6826397,0.7249246,273.4753,345.1122,184.3269
7.151024,1,0,-1.64,0,0,1,0,0,180,0,1.551737,0.8463489,-2.458968,-0.02153453,-0.1302398,0.9844967,0.1155003,347.1846,184.2632,344.4491,1.353124,0.8277004,-2.505088,0.1973652,-0.005084008,0.9796767,0.03542305,355.9048,157.2111,0.2309876,1.950161,0.7810683,-2.214587,0.4422686,-0.4596725,0.5550686,0.5338526,272.2235,179.7282,281.0027,1.83585,0.7811207,-2.25746,0.0615349,-0.06872324,0.6830018,0.7245682,273.4186,344.9013,184.5243
7.173124,1,0,-1.64,0,0,1,0,0,180,0,1.553994,0.8470886,-2.457886,-0.02101618,-0.1298403,0.9845861,0.1152826,347.1997,184.1943,344.5045,1.354179,0.828356,-2.504582,0.1974313,-0.004651741,0.9796599,0.03557776,355.8973,157.2014,0.2834296,1.945225,0.7857795,-2.220302,0.4607748,-0.4644421,0.5554799,0.5132469,273.4354,144.0795,314.1538,1.835902,0.7809077,-2.257521,0.06148941,-0.06870497,0.6829563,0.7246166,273.4265,344.8893,184.5415
7.19513,1,0,-1.64,0,0,1,0,0,180,0,1.554142,0.8471704,-2.458033,-0.02125452,-0.129967,0.9845614,0.1153071,347.2011,184.224,344.4863,1.355289,0.8286788,-2.504128,0.1971741,-0.004969254,0.9797259,0.03514003,355.9392,157.2336,0.2366761,1.945457,0.7778865,-2.211258,0.4714742,-0.4741003,0.5462667,0.5045133,273.3904,141.6155,314.4177,1.83598,0.780923,-2.2576,0.06147438,-0.06868675,0.6828244,0.724744,273.4471,344.9544,184.4791
7.217383,1,0,-1.64,0,0,1,0,0,180,0,1.555336,0.847258,-2.457079,-0.02071921,-0.1296315,0.9846513,0.115014,347.2249,184.1526,344.5349,1.355483,0.8290319,-2.504122,0.1973788,-0.004658914,0.9796798,0.03531884,355.9262,157.2081,0.2765155,1.944547,0.7768121,-2.2115,0.4756306,-0.4798073,0.540195,0.5017469,273.1341,143.6797,311.28,1.836017,0.7808717,-2.257622,0.06140152,-0.0686747,0.682934,0.7246481,273.4315,344.8297,184.6108
7.228698,1,0,-1.64,0,0,1,0,0,180,0,1.55548,0.8472743,-2.456981,-0.02075365,-0.1296535,0.9846502,0.1149928,347.2279,184.1566,344.5321,1.355689,0.8294959,-2.504076,0.1974639,-0.004320043,0.9796586,0.0354736,355.9165,157.1965,0.3185256,1.943791,0.7756041,-2.21087,0.4817835,-0.4851671,0.5355866,0.4956254,273.2499,141.6819,312.0022,1.836048,0.7811314,-2.257619,0.06149139,-0.06867608,0.6828301,0.7247382,273.4458,344.9883,184.4447
7.239739,1,0,-1.64,0,0,1,0,0,180,0,1.555654,0.8472958,-2.456876,-0.02070427,-0.1296422,0.984653,0.1149902,347.2274,184.1507,344.5341,1.356009,0.8290336,-2.503692,0.1971311,-0.004801247,0.9797333,0.0351981,355.9365,157.2379,0.2567239,1.94014,0.7806882,-2.217788,0.4940913,-0.4894061,0.5394346,0.4747271,275.2587,131.7381,320.0208,1.836146,0.7811036,-2.257533,0.06142953,-0.06866743,0.6827402,0.724829,273.4609,344.9618,184.4769
7.261958,1,0,-1.64,0,0,1,0,0,180,0,1.554463,0.8475355,-2.45775,-0.02108698,-0.1299988,0.9846128,0.1148622,347.2494,184.1975,344.4883,1.356163,0.829473,-2.50392,0.197348,-0.004471785,0.9796839,0.03540008,355.9213,157.2108,0.2992932,1.937319,0.7818984,-2.217957,0.5164711,-0.4951662,0.5288581,0.4564834,276.1161,117.8428,330.6484,1.836338,0.7809246,-2.257527,0.06138621,-0.06860329,0.6828088,0.7247741,273.4508,344.9656,184.4819
7.284245,1,0,-1.64,0,0,1,0,0,180,0,1.552963,0.8469921,-2.458386,-0.02138394,-0.1302922,0.9845607,0.1149212,347.2486,184.2367,344.4495,1.356395,0.8298794,-2.503881,0.1974224,-0.00409504,0.9796634,0.03559955,355.9074,157.2002,0.3465384,1.939221,0.7778947,-2.213603,0.5253582,-0.4994543,0.5251423,0.445836,276.7641,115.3663,331.5435,1.83635,0.781061,-2.257605,0.06136644,-0.06863987,0.6828802,0.7247051,273.4402,344.8579,184.5883
7.306365,1,0,-1.64,0,0,1,0,0,180,0,1.55272,0.8466487,-2.458447,-0.02130868,-0.130304,0.9845394,0.1151045,347.2266,184.2312,344.4476,1.356685,0.8297782,-2.503807,0.1975088,-0.003899139,0.9796479,0.03556911,355.9153,157.1894,0.3682529,1.940188,0.7755942,-2.212511,0.5301024,-0.5043719,0.5180484,0.4429744,276.4339,113.9735,331.8104,1.836318,0.7809945,-2.257636,0.06140848,-0.06867803,0.6828953,0.7246836,273.4373,344.8513,184.5883
7.328751,1,0,-1.64,0,0,1,0,0,180,0,1.551744,0.8463683,-2.458855,-0.02151488,-0.130472,0.9844949,0.1152562,347.2132,184.2599,344.424,1.357114,0.8294209,-2.503506,0.1972462,-0.004434977,0.9797076,0.03531751,355.9314,157.2227,0.301135,1.939637,0.7733846,-2.211055,0.5426172,-0.5118639,0.5051428,0.4340423,276.2801,108.3001,335.0803,1.836185,0.7811514,-2.257614,0.06134624,-0.06865206,0.682816,0.7247661,273.4507,344.8441,184.6026
7.35083,1,0,-1.64,0,0,1,0,0,180,0,1.551746,0.8464611,-2.458835,-0.02152487,-0.1304875,0.984482,0.1153465,347.2031,184.2628,344.4213,1.357172,0.8291535,-2.503405,0.1970056,-0.0049903,0.9797693,0.03487244,355.9688,157.2539,0.2275379,1.940193,0.7716442,-2.21038,0.5566116,-0.5157028,0.4925688,0.4261574,276.3234,98.95631,342.2216,1.836264,0.7811858,-2.25765,0.06144049,-0.0687329,0.682834,0.7247335,273.4466,344.8431,184.5894
7.373202,1,0,-1.64,0,0,1,0,0,180,0,1.550804,0.8460153,-2.459149,-0.02176441,-0.1306735,0.9844387,0.115461,347.1946,184.2949,344.3954,1.355922,0.8290176,-2.504262,0.1969848,-0.005321346,0.9797779,0.03469842,355.9808,157.2579,0.1862481,1.94015,0.7742488,-2.212369,0.5547416,-0.5281841,0.4859666,0.420856,275.7001,107.7525,332.1319,1.836179,0.7811089,-2.257596,0.06142838,-0.06870665,0.6828791,0.7246945,273.4397,344.844,184.5917
7.395451,1,0,-1.64,0,0,1,0,0,180,0,1.549476,0.8453721,-2.459642,-0.0219061,-0.1307951,0.9843962,0.1156592,347.1747,184.3163,344.3777,1.355943,0.8293997,-2.504185,0.1970978,-0.005116915,0.9797522,0.03481434,355.9725,157.2437,0.2123497,1.940345,0.7747654,-2.213122,0.564299,-0.5332909,0.4740964,0.4152107,275.3945,101.2452,336.7861,1.833982,0.7818505,-2.257193,0.06084344,-0.06882104,0.6827321,0.7248715,273.4756,344.0168,185.457
7.406711,1,0,-1.64,0,0,1,0,0,180,0,1.549158,0.8450383,-2.459774,-0.02188503,-0.1307988,0.9843887,0.1157225,347.1672,184.3149,344.3771,1.355978,0.8293821,-2.504137,0.1971341,-0.00508798,0.9797428,0.03487734,355.966,157.2392,0.2171857,1.940008,0.774556,-2.212587,0.5657225,-0.5344906,0.4703783,0.4159592,275.0858,99.00309,338.7072,1.833895,0.7815457,-2.256869,0.061039,-0.06879683,0.6826855,0.7249012,273.4785,344.3171,185.1428
7.428701,1,0,-1.64,0,0,1,0,0,180,0,1.548139,0.8446273,-2.460207,-0.02212154,-0.1309635,0.9843498,0.1158214,347.1603,184.3462,344.3539,1.356028,0.8291222,-2.503954,0.1970191,-0.005330655,0.9797736,0.03462284,355.9891,157.254,0.1836277,1.940751,0.7754017,-2.212296,0.5698288,-0.5417947,0.4610006,0.4113782,274.6194,98.65986,337.5883,1.833752,0.7815636,-2.256822,0.06102833,-0.06882448,0.6826764,0.724908,273.4803,344.2699,185.1886
7.450999,1,0,-1.64,0,0,1,0,0,180,0,1.547962,0.8445648,-2.460262,-0.02210178,-0.1309339,0.9843544,0.11582,347.1601,184.3435,344.3576,1.355883,0.8294612,-2.504217,0.1971059,-0.005137037,0.9797547,0.03469352,355.9856,157.243,0.2073768,1.941856,0.7751905,-2.210731,0.5723782,-0.544429,0.4550351,0.411003,274.2268,95.38699,340.1972,1.833504,0.7814918,-2.256883,0.06109407,-0.06889278,0.6827507,0.724826,273.4679,344.2231,185.2245
7.473131,1,0,-1.64,0,0,1,0,0,180,0,1.547781,0.8444862,-2.460304,-0.0221422,-0.130945,0.9843454,0.1158758,347.1544,184.3492,344.3553,1.356191,0.8295453,-2.503955,0.1972434,-0.004901103,0.9797233,0.03483321,355.9753,157.2258,0.2376648,1.942875,0.7748483,-2.210618,0.5708045,-0.5461695,0.4522864,0.413906,273.6961,95.09791,340.4879,1.833935,0.7812734,-2.25691,0.061388,-0.06870262,0.6827086,0.7248589,273.4669,344.8748,184.5644
7.495245,1,0,-1.64,0,0,1,0,0,180,0,1.54764,0.8444685,-2.460319,-0.02225294,-0.1310351,0.9843159,0.1160038,347.1419,184.3654,344.3423,1.356607,0.8292084,-2.503685,0.1969376,-0.005249758,0.9797909,0.03461134,355.9922,157.2633,0.1921373,1.943557,0.7754824,-2.210895,0.5703574,-0.5483305,0.4494075,0.4147999,273.3244,95.2111,340.1624,1.833878,0.7811735,-2.256857,0.06129657,-0.06867493,0.6827899,0.7247927,273.4561,344.7613,184.6876
7.517435,1,0,-1.64,0,0,1,0,0,180,0,1.547442,0.844383,-2.460363,-0.02228014,-0.1310618,0.9843137,0.1159873,347.1443,184.3687,344.3389,1.356742,0.828959,-2.503563,0.1967015,-0.005831838,0.9798525,0.03411163,356.0352,157.294,0.1143459,1.944003,0.7757676,-2.210812,0.5689723,-0.55049,0.4475709,0.4158263,272.9768,97.43275,337.8504,1.833786,0.7812161,-2.256912,0.06127934,-0.06869963,0.6828876,0.7246998,273.4414,344.6609,184.7875
7.539828,1,0,-1.64,0,0,1,0,0,180,0,1.547174,0.8442746,-2.460707,-0.02247967,-0.1310482,0.9843227,0.1158879,347.1588,184.3899,344.3387,1.356746,0.8289871,-2.503576,0.1965167,-0.006140633,0.9798962,0.03386824,356.0556,157.3172,0.07333936,1.944604,0.7752203,-2.210462,0.5675628,-0.548915,0.4494001,0.4178569,272.9694,97.24856,338.4301,1.833834,0.7814196,-2.256872,0.06138906,-0.06877863,0.6827815,0.7247829,273.4561,344.7382,184.6947
7.562182,1,0,-1.64,0,0,1,0,0,180,0,1.54582,0.8435031,-2.461203,-0.02259103,-0.1312142,0.9842758,0.1160761,347.1398,184.4082,344.3163,1.355984,0.8290477,-2.504238,0.1964158,-0.006402084,0.9799179,0.03377411,356.0603,157.3301,0.04137956,1.945307,0.7756255,-2.210786,0.5642534,-0.5495062,0.4501189,0.4207779,272.6611,101.3386,334.7082,1.833876,0.7816173,-2.2568,0.06133027,-0.06866806,0.6829622,0.7246281,273.4286,344.7354,184.7114
7.584379,1,0,-1.64,0,0,1,0,0,180,0,1.545457,0.8431659,-2.461334,-0.02259941,-0.1311872,0.9842646,0.1161999,347.1257,184.4109,344.3183,1.355974,0.8288851,-2.503963,0.1963029,-0.006926639,0.9799486,0.03343502,356.0866,157.3458,359.9742,1.94497,0.7748696,-2.211204,0.5615069,-0.547249,0.4512921,0.4261033,272.3454,98.84402,337.8674,1.833796,0.7814883,-2.256835,0.06132146,-0.06865531,0.6830425,0.7245544,273.4162,344.7053,184.7433
7.606649,1,0,-1.64,0,0,1,0,0,180,0,1.547208,0.8435806,-2.460171,-0.02197541,-0.1308472,0.9843522,0.1159608,347.1416,184.3301,344.3683,1.355708,0.8292251,-2.504184,0.1964774,-0.006774677,0.9799128,0.03349123,356.0837,157.3247,359.9933,1.945285,0.7751722,-2.211238,0.5590488,-0.546261,0.4540386,0.4276826,272.3738,102.6974,334.4622,1.833769,0.7814819,-2.256872,0.0613097,-0.06863282,0.6830183,0.7245804,273.42,344.7329,184.7184
7.628398,1,0,-1.64,0,0,1,0,0,180,0,1.546609,0.8436967,-2.460866,-0.02209228,-0.1309736,0.9843488,0.1158247,347.1595,184.343,344.353,1.355593,0.8294492,-2.504246,0.1966216,-0.006361103,0.9798748,0.03383665,356.0542,157.3058,0.04823484,1.945759,0.7749619,-2.210784,0.5556552,-0.5454947,0.4563381,0.4306256,272.2404,107.2892,330.4129,1.833734,0.7814435,-2.256867,0.06149366,-0.06883919,0.6830384,0.7245262,273.4144,344.6695,184.7501
7.650667,1,0,-1.64,0,0,1,0,0,180,0,1.546355,0.8437142,-2.460916,-0.02233491,-0.1310771,0.9842998,0.1160774,347.135,184.3767,344.3357,1.355312,0.8296145,-2.504502,0.1966525,-0.006036488,0.9798648,0.03400422,356.0427,157.3007,0.08868452,1.945362,0.7755617,-2.211238,0.5470607,-0.5416548,0.4640009,0.4382213,272.1342,117.8054,321.4919,1.833863,0.7815122,-2.256857,0.06074225,-0.06794523,0.683319,0.7244093,273.3808,344.8341,184.7195
7.672931,1,0,-1.64,0,0,1,0,0,180,0,1.546129,0.8436456,-2.460948,-0.02234129,-0.1310551,0.9843047,0.1160593,347.1371,184.3769,344.3383,1.355925,0.8293118,-2.503894,0.1965065,-0.006328675,0.9798992,0.03380404,356.0586,157.3192,0.05068329,1.946423,0.7765912,-2.213055,0.54366,-0.5186329,0.4774662,0.4554994,272.6985,82.56563,0.01726396,1.833829,0.7814951,-2.257034,0.06102517,-0.06834345,0.6831245,0.7245317,273.4076,344.7261,184.772
7.695436,1,0,-1.64,0,0,1,0,0,180,0,1.546179,0.8437268,-2.460986,-0.02252734,-0.1310753,0.9842808,0.1162033,347.1237,184.4012,344.3324,1.355673,0.8284556,-2.503912,0.1960768,-0.007421986,0.9799937,0.0333352,356.0867,157.3743,359.9153,1.946841,0.7765561,-2.213858,0.5279322,-0.5118189,0.4907534,0.4674294,272.297,98.02374,347.3006,1.833839,0.7813969,-2.257006,0.06103237,-0.06823204,0.6831253,0.7245407,273.4066,344.8915,184.6151
7.717595,1,0,-1.64,0,0,1,0,0,180,0,1.545641,0.8432576,-2.461071,-0.02246433,-0.1310536,0.9842628,0.1163916,347.1011,184.3968,344.3342,1.352347,0.8273119,-2.505871,0.1966036,-0.006814184,0.9798642,0.03415777,356.0079,157.3091,0.004430148,1.946781,0.7762453,-2.213898,0.527017,-0.4934387,0.5002161,0.4780745,273.2596,77.19247,10.3905,1.833712,0.7814295,-2.256974,0.06085788,-0.06800622,0.6831508,0.7245526,273.4047,344.9736,184.5656
7.739774,1,0,-1.64,0,0,1,0,0,180,0,1.545431,0.84313,-2.461095,-0.02249048,-0.1310613,0.9842634,0.116373,347.1036,184.3996,344.3331,1.353061,0.8275093,-2.505209,0.19644,-0.006858737,0.9799049,0.03392083,356.0335,157.3288,359.9934,1.946878,0.7760279,-2.214936,0.5136137,-0.4970971,0.5061482,0.4826069,272.3303,99.31731,349.4244,1.833623,0.7814024,-2.256964,0.06015429,-0.06700404,0.6834705,0.7244033,273.3633,345.3391,184.339
7.761933,1,0,-1.64,0,0,1,0,0,180,0,1.54535,0.8430938,-2.461378,-0.02259245,-0.1312101,0.9842198,0.1165543,347.0852,184.4165,344.3128,1.354038,0.8278879,-2.504586,0.1963505,-0.00700788,0.9799264,0.03378859,356.045,157.34,359.9733,1.946057,0.7760831,-2.216838,0.5024861,-0.4831632,0.518603,0.495088,272.4662,96.39272,355.2144,1.833674,0.7814312,-2.256827,0.06064314,-0.06754021,0.683329,0.7244462,273.3786,345.2751,184.3196
7.784184,1,0,-1.64,0,0,1,0,0,180,0,1.545306,0.8430429,-2.461347,-0.0226595,-0.1313539,0.9841867,0.1166589,347.075,184.428,344.2941,1.354367,0.827947,-2.504391,0.1961512,-0.007346915,0.9799688,0.03364246,356.0538,157.3648,359.931,1.944365,0.775691,-2.220107,0.473562,-0.4526317,0.5459518,0.5223028,272.5592,97.56417,0.5842358,1.834432,0.781596,-2.256889,0.06043044,-0.06756955,0.6830969,0.72468,273.4192,345.063,184.5465
7.806131,1,0,-1.64,0,0,1,0,0,180,0,1.547215,0.8436224,-2.460229,-0.02215181,-0.1309361,0.9843014,0.1162573,347.111,184.3568,344.3531,1.355042,0.8283623,-2.504196,0.1956629,-0.007819258,0.9800732,0.03333817,356.0775,157.4242,359.869,1.941256,0.7772329,-2.219623,0.4405856,-0.4232756,0.5708742,0.5484749,272.2939,104.6441,0.03728558,1.834791,0.7826108,-2.257927,0.05946526,-0.06745566,0.6830753,0.7247909,273.442,344.0053,185.692
7.817322,1,0,-1.64,0,0,1,0,0,180,0,1.547056,0.8438038,-2.46055,-0.02236429,-0.1311082,0.9842836,0.1161734,347.1246,184.3822,344.3308,1.355213,0.828467,-2.504111,0.1956827,-0.007850375,0.9800746,0.03317174,356.0955,157.4222,359.8618,1.943533,0.7761127,-2.221766,0.4225702,-0.4119689,0.5829627,0.5584538,272.1638,120.437,347.2187,1.83481,0.7825342,-2.258089,0.05908923,-0.06741586,0.6831132,0.7247896,273.4442,343.567,186.1641
7.839361,1,0,-1.64,0,0,1,0,0,180,0,1.546864,0.8436184,-2.46061,-0.02233086,-0.1310473,0.98429,0.1161945,347.1214,184.3779,344.3383,1.354766,0.8287767,-2.504524,0.1957971,-0.007507849,0.9800467,0.03340221,356.0772,157.4072,359.906,1.9438,0.7767475,-2.221998,0.3972777,-0.3906878,0.598064,0.5760668,271.8607,129.4572,342.8112,1.834742,0.7826086,-2.258202,0.05889016,-0.06751924,0.6829309,0.724968,273.4777,343.2693,186.4695
7.850896,1,0,-1.64,0,0,1,0,0,180,0,1.546776,0.8435627,-2.46063,-0.02236321,-0.1310914,0.9842864,0.1161692,347.125,184.3818,344.3329,1.354843,0.8285605,-2.504385,0.1956955,-0.007766952,0.9800723,0.03318647,356.0957,157.4204,359.8716,1.943722,0.7770736,-2.2223,0.385641,-0.3804469,0.6051105,0.5834231,271.807,133.727,340.6641,1.834828,0.7826725,-2.258128,0.05887038,-0.0675356,0.6829004,0.7249968,273.483,343.2381,186.501
7.872931,1,0,-1.64,0,0,1,0,0,180,0,1.547169,0.8439143,-2.460795,-0.02252125,-0.131218,0.9842634,0.1161907,347.1256,184.4021,344.3158,1.354768,0.8288676,-2.504489,0.1958502,-0.007307213,0.9800335,0.03352091,356.0684,157.4001,359.9315,1.942348,0.7790368,-2.220519,0.357984,-0.3543239,0.6222181,0.5992885,271.8816,140.6826,338.8211,1.834889,0.7824364,-2.258085,0.05905039,-0.06779936,0.6828405,0.7250139,273.4905,343.1316,186.5714
7.895176,1,0,-1.64,0,0,1,0,0,180,0,1.547202,0.8439695,-2.460707,-0.02262128,-0.1313231,0.984233,0.1163098,347.1141,184.4171,344.3011,1.35495,0.8291724,-2.504427,0.1960455,-0.006889368,0.9799898,0.03374568,356.0525,157.3753,359.9844,1.941869,0.7760628,-2.222104,0.3188217,-0.3211407,0.6422173,0.6186908,271.9156,158.7197,327.461,1.833828,0.7823614,-2.257425,0.05884922,-0.06730454,0.6825858,0.7253162,273.5299,343.6869,186.0726
7.917605,1,0,-1.64,0,0,1,0,0,180,0,1.549869,0.8449037,-2.459422,-0.0218789,-0.1308106,0.9843481,0.1160549,347.1292,184.3201,344.3731,1.355339,0.8292903,-2.504375,0.1962072,-0.006385576,0.9799511,0.03402621,356.0323,157.3541,0.04808735,1.937434,0.7725143,-2.227207,0.2803701,-0.2949552,0.6561147,0.6355372,272.0435,191.3195,300.6624,1.833696,0.7823048,-2.257213,0.05898006,-0.06730027,0.6825501,0.7253395,273.5326,343.871,185.8782
7.92896,1,0,-1.64,0,0,1,0,0,180,0,1.549493,0.844873,-2.459699,-0.02214437,-0.1309673,0.9843217,0.1160522,347.1344,184.3528,344.3512,1.355355,0.8293228,-2.504273,0.1964387,-0.006067434,0.9798969,0.03430923,356.0077,157.3253,0.09122996,1.936614,0.7713777,-2.228578,0.2580922,-0.286024,0.6613498,0.6435799,272.6826,214.9012,279.8294,1.833328,0.7819997,-2.257339,0.05905524,-0.0674379,0.6824902,0.725377,273.5413,343.8063,185.9255
7.950438,1,0,-1.64,0,0,1,0,0,180,0,1.54926,0.8447729,-2.459811,-0.02238153,-0.1311119,0.9842919,0.1160955,347.1338,184.3829,344.3308,1.355746,0.8290174,-2.503866,0.196171,-0.006480007,0.9799592,0.03398411,356.0349,157.3587,0.03636163,1.932485,0.7676402,-2.231469,0.2394081,-0.2571055,0.6730159,0.6508688,272.2972,198.0695,300.8141,1.833033,0.7820374,-2.257104,0.06072971,-0.06903549,0.6824293,0.7251458,273.5266,343.7295,185.736
7.961785,1,0,-1.64,0,0,1,0,0,180,0,1.549263,0.8447583,-2.459813,-0.02237348,-0.1311467,0.9842873,0.1160975,347.1336,184.3825,344.3268,1.356242,0.8286182,-2.503512,0.1958291,-0.006883403,0.9800339,0.03372021,356.0555,157.4007,359.9836,1.93186,0.7690811,-2.232786,0.2318856,-0.2477365,0.6746755,0.6554912,272.0164,199.7372,300.607,1.83295,0.7820351,-2.257249,0.06032198,-0.06852444,0.6825036,0.7251583,273.52,343.8851,185.6552
7.983719,1,0,-1.64,0,0,1,0,0,180,0,1.551408,0.8457201,-2.45869,-0.02172043,-0.13082,0.9843799,0.1158044,347.1554,184.2976,344.376,1.355787,0.8288796,-2.504015,0.1960723,-0.006606262,0.9799817,0.03388311,356.0434,157.3709,0.01947232,1.928701,0.7691525,-2.232673,0.2099695,-0.2276586,0.681036,0.6635318,272.0164,207.272,296.6701,1.832822,0.7821206,-2.256971,0.06001374,-0.06826944,0.6826248,0.7250939,273.5061,343.7924,185.7938
8.006023,1,0,-1.64,0,0,1,0,0,180,0,1.550161,0.8454319,-2.459232,-0.02206779,-0.1310826,0.9843394,0.1157865,347.164,184.3409,344.3408,1.35573,0.8291197,-2.504117,0.1962221,-0.006313423,0.9799414,0.03423434,356.0105,157.3517,0.06096716,1.927443,0.7706326,-2.234224,0.1727378,-0.2058461,0.6859437,0.6762176,272.7964,238.0968,270.8389,1.83259,0.782142,-2.257068,0.0600054,-0.06834222,0.6825632,0.7251456,273.5163,343.7132,185.8678
8.017291,1,0,-1.64,0,0,1,0,0,180,0,1.54981,0.8452969,-2.459473,-0.02200038,-0.1310843,0.9843387,0.1158023,347.1612,184.3334,344.3413,1.355731,0.8287559,-2.50394,0.1959967,-0.006795685,0.979997,0.03383963,356.0441,157.3806,-0.003135216,1.929078,0.773923,-2.234035,0.1683996,-0.1900054,0.6896267,0.6781995,271.9803,227.4429,283.1913,1.832453,0.7821791,-2.257001,0.05995527,-0.06833847,0.6823729,0.7253292,273.5469,343.7498,185.8355
8.039417,1,0,-1.64,0,0,1,0,0,180,0,1.549423,0.8449399,-2.459691,-0.02198614,-0.1310812,0.9843405,0.115793,347.162,184.3316,344.3419,1.355595,0.8289895,-2.504161,0.1960752,-0.006480124,0.9799787,0.03397342,356.0361,157.37,0.03571887,1.929981,0.7766525,-2.234401,0.1480062,-0.1736705,0.6930274,0.6838463,272.2088,237.1659,276.534,1.83224,0.7819679,-2.256936,0.06004195,-0.0683777,0.6826183,0.7250874,273.5073,343.6828,185.8923
8.06141,1,0,-1.64,0,0,1,0,0,180,0,1.549391,0.8449425,-2.45968,-0.02199308,-0.1311119,0.9843367,0.1157895,347.1626,184.3327,344.3383,1.355499,0.8290209,-2.504163,0.1962304,-0.006234503,0.9799449,0.03409815,356.0276,157.3507,0.06680988,1.928801,0.7783723,-2.235949,0.1313947,-0.157673,0.6963495,0.6877296,272.2408,240.0426,276.3639,1.831932,0.782164,-2.256886,0.06019064,-0.06846354,0.6825549,0.7251266,273.5146,343.7809,185.7751
8.073091,1,0,-1.64,0,0,1,0,0,180,0,1.548496,0.8447906,-2.46015,-0.0221285,-0.1313989,0.9842803,0.1159175,347.1514,184.3544,344.3017,1.355435,0.8291817,-2.504241,0.1964307,-0.006021617,0.979899,0.03430281,356.0094,157.3261,0.09620951,1.928529,0.7794065,-2.236252,0.1259474,-0.1521904,0.697402,0.6889164,272.2349,240.7369,276.5738,1.831814,0.7821637,-2.256846,0.06018685,-0.06851104,0.6824766,0.7251961,273.5272,343.7499,185.8025
8.09496,1,0,-1.64,0,0,1,0,0,180,0,1.547759,0.8444215,-2.460434,-0.02222702,-0.131514,0.9842541,0.1159915,347.145,184.3686,344.2863,1.355714,0.8294208,-2.504093,0.1965926,-0.00571899,0.9798588,0.03457497,355.9857,157.3055,0.1370877,1.927947,0.7801971,-2.236017,0.1180796,-0.145195,0.6989959,0.6902031,272.3097,241.3024,277.2353,1.831434,0.7821349,-2.256766,0.06017001,-0.06846578,0.6826925,0.7249987,273.4938,343.6845,185.8731
8.117046,1,0,-1.64,0,0,1,0,0,180,0,1.54723,0.8442419,-2.460602,-0.02231379,-0.1316159,0.9842075,0.1162541,347.1169,184.3845,344.2711,1.356211,0.8295874,-2.503787,0.1966485,-0.005370964,0.9798461,0.03467438,355.9824,157.2975,0.1787379,1.932168,0.7788746,-2.237249,0.1153323,-0.1404885,0.6997592,0.690868,272.162,240.1109,279.0418,1.831188,0.7822598,-2.256657,0.06028892,-0.0684948,0.6826011,0.725072,273.5054,343.8373,185.7082
8.139324,1,0,-1.64,0,0,1,0,0,180,0,1.54973,0.8446937,-2.459034,-0.02154525,-0.1309933,0.9843429,0.1159552,347.1362,184.2822,344.3566,1.35672,0.8288106,-2.503296,0.1962656,-0.006139633,0.9799395,0.03406751,356.0332,157.3463,0.07693908,1.932176,0.7763585,-2.236619,0.1023857,-0.1291024,0.7019451,0.6929089,272.2853,241.8905,279.2638,1.830881,0.782324,-2.256578,0.0603083,-0.06858733,0.6826904,0.7249776,273.4921,343.6909,185.8455
8.161629,1,0,-1.64,0,0,1,0,0,180,0,1.551565,0.8453579,-2.458306,-0.02067517,-0.1305806,0.9844475,0.1156904,347.151,184.1715,344.4185,1.356681,0.8292605,-2.503594,0.1964376,-0.005822928,0.9798977,0.03433439,356.0104,157.3245,0.1193146,1.93254,0.7768746,-2.23745,0.09561355,-0.1222774,0.7026132,0.6944358,272.2599,244.0853,278.1853,1.830692,0.7823834,-2.256511,0.06037559,-0.06857875,0.6826947,0.7249687,273.4898,343.7842,185.7474
8.183614,1,0,-1.64,0,0,1,0,0,180,0,1.551649,0.845902,-2.458826,-0.02065933,-0.130654,0.9844933,0.11522,347.2047,184.1627,344.4137,1.356255,0.8295656,-2.504055,0.196663,-0.00559942,0.9798502,0.03443787,356.0038,157.2971,0.1477311,1.933147,0.7769569,-2.237859,0.09804396,-0.1237248,0.7017434,0.6947199,272.1574,245.6805,276.2723,1.830521,0.7824964,-2.256438,0.06030704,-0.06859364,0.6826628,0.7250031,273.4964,343.6944,185.8416
8.206056,1,0,-1.64,0,0,1,0,0,180,0,1.551404,0.8461019,-2.458927,-0.02065039,-0.130611,0.9844837,0.1153527,347.1893,184.1633,344.4179,1.356257,0.8294784,-2.503973,0.1968514,-0.005488464,0.9798061,0.03463474,355.9842,157.2742,0.1654487,1.933079,0.7769074,-2.23884,0.09934174,-0.1239918,0.7017105,0.6945211,272.0806,244.6525,277.1721,1.830337,0.7825001,-2.256445,0.06030353,-0.06858175,0.6827053,0.7249645,273.4898,343.6852,185.852
8.228291,1,0,-1.64,0,0,1,0,0,180,0,1.550677,0.8459678,-2.459532,-0.02101947,-0.1308451,0.9844545,0.1152705,347.2054,184.2077,344.3863,1.356344,0.8294626,-2.503944,0.1969751,-0.00511631,0.9797762,0.03483281,355.9704,157.258,0.2123318,1.933598,0.777072,-2.239372,0.1002685,-0.1240387,0.7014884,0.6946039,272.0052,244.7199,277.025,1.830669,0.7826462,-2.256467,0.06046065,-0.06851007,0.682686,0.7249764,273.4887,343.9885,185.5417
8.250299,1,0,-1.64,0,0,1,0,0,180,0,1.553202,0.8466947,-2.458045,-0.02021425,-0.130284,0.984564,0.1151137,347.2083,184.1045,344.4638,1.356911,0.8289257,-2.503352,0.196608,-0.005703769,0.979861,0.03442923,356.0024,157.3039,0.1355665,1.933913,0.7769948,-2.239219,0.1015989,-0.1245807,0.7012199,0.6945848,271.9384,244.6917,276.8996,1.83042,0.7825907,-2.256442,0.06055372,-0.06862636,0.6827644,0.7248838,273.4755,343.9069,185.6064
8.261521,1,0,-1.64,0,0,1,0,0,180,0,1.552545,0.8466232,-2.458642,-0.02053499,-0.1303897,0.9845369,0.1151696,347.2074,184.1439,344.4468,1.356858,0.8285822,-2.503258,0.1963738,-0.006396737,0.9799162,0.03406925,356.0272,157.3345,0.04847904,1.934168,0.7770247,-2.239427,0.10264,-0.1254356,0.7011207,0.6943779,271.926,244.2399,277.1958,1.830373,0.782539,-2.25642,0.06049161,-0.06854016,0.6826955,0.724962,273.4868,343.9813,185.5441
8.28356,1,0,-1.64,0,0,1,0,0,180,0,1.554199,0.8471547,-2.457818,-0.02035761,-0.1300941,0.9846065,0.1149395,347.2297,184.1156,344.4857,1.356537,0.8289527,-2.503773,0.1964794,-0.006357512,0.9798955,0.03406214,356.0289,157.322,0.0531616,1.934138,0.7759675,-2.238569,0.1059078,-0.1281825,0.7006019,0.693909,271.8846,243.7469,277.1948,1.830262,0.7824984,-2.25642,0.06050151,-0.06863397,0.6826653,0.7249807,273.4921,343.8796,185.6373
8.30605,1,0,-1.64,0,0,1,0,0,180,0,1.554444,0.8472289,-2.457727,-0.0203085,-0.130089,0.9846052,0.1149654,347.2259,184.1103,344.4867,1.356841,0.8284307,-2.503442,0.1960877,-0.007100922,0.9799885,0.03349301,356.0762,157.3716,359.955,1.934474,0.7758226,-2.238807,0.1070669,-0.1294805,0.7005365,0.6935561,271.9022,243.0715,277.6682,1.83018,0.7824756,-2.256356,0.06051644,-0.06852302,0.6827255,0.7249333,273.4816,344.0213,185.5034
8.328071,1,0,-1.64,0,0,1,0,0,180,0,1.55401,0.8471507,-2.458053,-0.02012823,-0.1302141,0.9845955,0.1149382,347.2267,184.0907,344.4745,1.356394,0.829115,-2.503804,0.1962348,-0.006750164,0.9799548,0.03369093,356.0618,157.3527,-0.0004046302,1.930451,0.77575,-2.23582,0.107137,-0.1299147,0.7002413,0.6937622,271.9189,244.4709,276.2273,1.829807,0.7824768,-2.256317,0.06054167,-0.06860246,0.6827188,0.72493,273.4826,343.9469,185.5693
8.339246,1,0,-1.64,0,0,1,0,0,180,0,1.555602,0.847725,-2.457121,-0.01947257,-0.1297154,0.9846776,0.1149128,347.2174,184.0078,344.5417,1.356156,0.8292452,-2.504012,0.1964628,-0.00651775,0.9799014,0.03395912,356.0369,157.3248,0.03273116,1.930256,0.775688,-2.235945,0.1074928,-0.1300116,0.7004741,0.693454,271.9113,243.0159,277.6451,1.829962,0.7824131,-2.256321,0.06059682,-0.06861545,0.6827545,0.7248905,273.476,343.9806,185.5301
8.361591,1,0,-1.64,0,0,1,0,0,180,0,1.557285,0.848555,-2.456549,-0.01946017,-0.1296081,0.9847308,0.1145785,347.2549,183.9993,344.5571,1.35596,0.8295084,-2.504039,0.1965964,-0.006341579,0.9798752,0.03397547,356.039,157.3084,0.05346995,1.93025,0.7759933,-2.236177,0.1077122,-0.1300826,0.700721,0.693157,271.9136,241.6369,279.0003,1.830285,0.7824478,-2.256279,0.06054478,-0.0685593,0.6826918,0.7249592,273.4865,344.0231,185.4964
8.383883,1,0,-1.64,0,0,1,0,0,180,0,1.556211,0.8482081,-2.457459,-0.0196849,-0.1299589,0.9846981,0.1144244,347.2774,184.0273,344.5141,1.356013,0.8290347,-2.503832,0.196365,-0.006842419,0.9799282,0.03368557,356.0603,157.3378,359.9896,1.930513,0.7760179,-2.236174,0.1059495,-0.1293716,0.7006,0.6936839,271.9789,243.9691,276.8712,1.830295,0.7825242,-2.256333,0.06064555,-0.06862822,0.682672,0.7249629,273.4879,344.0636,185.442
8.406125,1,0,-1.64,0,0,1,0,0,180,0,1.55452,0.8477204,-2.458182,-0.01998019,-0.130219,0.9846337,0.1146311,347.2595,184.0684,344.4782,1.355967,0.8292575,-2.503897,0.1964538,-0.006386729,0.9799057,0.03391109,356.0453,157.3254,0.04635594,1.930523,0.7761338,-2.236218,0.1057089,-0.1290252,0.7004299,0.6939568,271.9608,244.9285,275.9601,1.834101,0.7814118,-2.256905,0.06034558,-0.06820454,0.682346,0.7253348,273.5416,344.4221,185.1423
8.428409,1,0,-1.64,0,0,1,0,0,180,0,1.553247,0.8469381,-2.458641,-0.02004034,-0.1305089,0.9845683,0.1148529,347.2363,184.0829,344.4416,1.356421,0.8289671,-2.503644,0.196254,-0.006833608,0.9799481,0.03375499,356.0527,157.3507,359.9917,1.930761,0.7762129,-2.236437,0.1050278,-0.1293555,0.7003641,0.6940652,272.0363,245.9423,274.9749,1.834025,0.781027,-2.256561,0.06108856,-0.06828656,0.6823238,0.7252858,273.5301,345.2374,184.2598
8.439459,1,0,-1.64,0,0,1,0,0,180,0,1.553289,0.8469603,-2.458656,-0.02000704,-0.1305507,0.9845654,0.1148357,347.2379,184.0793,344.4372,1.356259,0.8292748,-2.503902,0.19642,-0.006366619,0.97991,0.03398696,356.0372,157.3292,0.05019689,1.930873,0.7764722,-2.236566,0.1052702,-0.1294088,0.7003284,0.6940545,272.021,245.8771,275.0159,1.83388,0.7811489,-2.256694,0.06114702,-0.06839281,0.6824179,0.7251824,273.515,345.1254,184.3585
8.46136,1,0,-1.64,0,0,1,0,0,180,0,1.553364,0.8470131,-2.458691,-0.02004398,-0.1305003,0.9845744,0.1148089,347.2414,184.0825,344.4429,1.356549,0.8289975,-2.503652,0.1961675,-0.006675771,0.9799666,0.03375152,356.0567,157.3602,0.009065165,1.930823,0.7765781,-2.236422,0.1049663,-0.1291238,0.699698,0.6947891,271.9974,248.9844,271.957,1.834409,0.781055,-2.256925,0.06321018,-0.06848468,0.6820499,0.7253429,273.5344,347.7079,181.6005
8.472729,1,0,-1.64,0,0,1,0,0,180,0,1.552919,0.8467871,-2.458544,-0.02011248,-0.1307887,0.9844868,0.1152198,347.1967,184.1012,344.4048,1.356869,0.8284299,-2.503367,0.1959069,-0.007276397,0.9800268,0.03339298,356.0835,157.3935,359.9323,1.930691,0.7764395,-2.23644,0.1049574,-0.1292378,0.6998209,0.6946455,272.0116,248.4337,272.499,1.834462,0.7811647,-2.256959,0.06323652,-0.06856411,0.6820661,0.7253178,273.5316,347.6278,181.672
8.494724,1,0,-1.64,0,0,1,0,0,180,0,1.552984,0.846805,-2.458531,-0.02011804,-0.130785,0.9844912,0.1151851,347.2008,184.1012,344.4055,1.356208,0.8289198,-2.503891,0.1960415,-0.007011502,0.9799933,0.03364243,356.0614,157.3764,359.9683,1.930659,0.7765827,-2.23661,0.1052428,-0.1290697,0.6996588,0.6947967,271.9705,248.9283,271.9949,1.834247,0.781452,-2.256932,0.06341518,-0.06869064,0.6821322,0.7252281,273.5186,347.6585,181.6165
8.506145,1,0,-1.64,0,0,1,0,0,180,0,1.553892,0.8469001,-2.457868,-0.0196918,-0.1305928,0.9845349,0.1151034,347.2026,184.048,344.4342,1.356265,0.8287334,-2.50377,0.1958332,-0.007241585,0.9800386,0.03348683,356.0737,157.4019,359.9381,1.930923,0.7765216,-2.236326,0.1047258,-0.1291799,0.6996774,0.6948357,272.02,249.2789,271.6776,1.834272,0.7815115,-2.256841,0.06365944,-0.06878006,0.6821248,0.7252052,273.5159,347.8454,181.4024
8.528074,1,0,-1.64,0,0,1,0,0,180,0,1.554203,0.8472707,-2.457859,-0.01990103,-0.1307891,0.9845009,0.1151358,347.203,184.0753,344.4081,1.355617,0.8289489,-2.504237,0.1960504,-0.007071405,0.9799927,0.03359434,356.0654,157.3757,359.9605,1.930868,0.7764379,-2.236349,0.1048495,-0.1289138,0.6993378,0.6952082,271.9784,250.7465,270.2218,1.834332,0.7816467,-2.256954,0.06354734,-0.06876695,0.6822965,0.7250547,273.4908,347.6692,181.5889
8.539664,1,0,-1.64,0,0,1,0,0,180,0,1.554256,0.8472959,-2.45783,-0.01991459,-0.1307751,0.9845067,0.1150994,347.2073,184.0761,344.4099,1.355536,0.8288684,-2.504191,0.1962092,-0.007027572,0.9799587,0.03367018,356.0579,157.3568,359.9678,1.93134,0.7766979,-2.236178,0.1047781,-0.1289678,0.6993503,0.6951964,271.9887,250.7411,270.2287,1.83445,0.7815469,-2.256888,0.06379509,-0.06856805,0.6820144,0.7253172,273.5305,348.3371,180.9169
8.561415,1,0,-1.64,0,0,1,0,0,180,0,1.553111,0.8469162,-2.458476,-0.0205541,-0.131044,0.984506,0.1146868,347.2656,184.1466,344.3734,1.355622,0.8293555,-2.50414,0.1965318,-0.006286868,0.9798812,0.03418303,356.0169,157.3154,0.0640589,1.931591,0.7770111,-2.236207,0.1044988,-0.1290993,0.6992354,0.6953297,272.0183,251.4696,269.5122,1.834478,0.7814665,-2.256829,0.06382222,-0.0685906,0.6819397,0.7253829,273.5419,348.3612,180.8887
8.572677,1,0,-1.64,0,0,1,0,0,180,0,1.553115,0.8469219,-2.458502,-0.0205693,-0.1310664,0.9845017,0.1146948,347.265,184.1487,344.3705,1.355598,0.8292083,-2.504109,0.1964663,-0.006337136,0.9798918,0.0342462,356.0087,157.3232,0.05956227,1.930992,0.7766201,-2.236413,0.1042914,-0.1289576,0.699148,0.695475,272.0206,252.0356,268.9748,1.834427,0.7815726,-2.256823,0.06395032,-0.06852056,0.681928,0.7253892,273.5415,348.6196,180.6256
8.583975,1,0,-1.64,0,0,1,0,0,180,0,1.551175,0.8461642,-2.459538,-0.02079174,-0.1311699,0.9844958,0.1145874,347.2812,184.174,344.3563,1.356115,0.8290443,-2.503617,0.1962472,-0.006651673,0.9799442,0.03394386,356.0356,157.3505,0.01643931,1.930215,0.7761434,-2.236794,0.1044271,-0.1289775,0.6991471,0.6954517,272.0118,251.9389,269.0588,1.834423,0.781609,-2.256852,0.06391661,-0.06850743,0.6819205,0.7254004,273.5433,348.5973,180.6517
8.60601,1,0,-1.64,0,0,1,0,0,180,0,1.550253,0.8457992,-2.459824,-0.02104415,-0.1313361,0.9844579,0.1146763,347.2757,184.2069,344.3329,1.356104,0.8293399,-2.503854,0.1963477,-0.00639657,0.9799188,0.03414488,356.0187,157.3375,0.0500998,1.930641,0.7761835,-2.236635,0.1042539,-0.128913,0.6982739,0.6963665,272.0039,256.0855,264.9317,1.834439,0.781495,-2.256798,0.06394722,-0.06847125,0.681902,0.7254186,273.5457,348.6895,180.5599
8.628248,1,0,-1.64,0,0,1,0,0,180,0,1.550109,0.8457931,-2.459952,-0.02103348,-0.1313614,0.9844525,0.1146959,347.2734,184.2063,344.3299,1.356215,0.8289396,-2.50361,0.1960294,-0.006793289,0.97999,0.03385134,356.0428,157.3767,-0.002469291,1.93125,0.7762735,-2.235958,0.1038046,-0.1289489,0.6983735,0.696327,272.044,255.8724,265.1786,1.834781,0.7813881,-2.256968,0.06406021,-0.06866611,0.6815937,0.7256799,273.5923,348.6478,180.5764
8.65053,1,0,-1.64,0,0,1,0,0,180,0,1.549772,0.8457012,-2.460155,-0.02105567,-0.1313844,0.9844491,0.1146946,347.274,184.2092,344.3269,1.356035,0.8285313,-2.503635,0.1958996,-0.007420336,0.9800283,0.03336104,356.0838,157.3949,359.9154,1.931541,0.7765753,-2.236101,0.1037506,-0.1289828,0.6984462,0.6962558,272.0523,255.5649,265.4878,1.834627,0.7816735,-2.256812,0.06415685,-0.06877025,0.6817467,0.7255178,273.5669,348.5873,180.6206
8.672641,1,0,-1.64,0,0,1,0,0,180,0,1.553286,0.8462834,-2.458034,-0.01990056,-0.1307006,0.9845493,0.1148223,347.2384,184.0688,344.421,1.355645,0.8288527,-2.503942,0.1961556,-0.007231184,0.979969,0.03363673,356.0571,157.3639,359.9439,1.931805,0.7770231,-2.236063,0.1033919,-0.1289739,0.6985771,0.6961795,272.082,255.1872,265.8956,1.834653,0.7816783,-2.25673,0.06400937,-0.06867381,0.6817076,0.7255766,273.5753,348.5446,180.6832
8.683934,1,0,-1.64,0,0,1,0,0,180,0,1.554943,0.8470937,-2.457615,-0.02014755,-0.1303181,0.9845913,0.1148532,347.2372,184.0928,344.4626,1.355086,0.8288698,-2.504259,0.1962437,-0.007023334,0.9799501,0.03371762,356.0526,157.3527,359.9695,1.932089,0.7773724,-2.235948,0.1031635,-0.1289592,0.6986077,0.6961854,272.0995,255.1866,265.9161,1.834751,0.7816949,-2.256832,0.06409062,-0.06863773,0.6816867,0.7255925,273.5772,348.6993,180.5248
8.695171,1,0,-1.64,0,0,1,0,0,180,0,1.555054,0.8470735,-2.457581,-0.02011895,-0.1303571,0.9845849,0.1148683,347.2352,184.0903,344.4583,1.355155,0.8292238,-2.50431,0.1964345,-0.006607737,0.9799043,0.03402258,356.0277,157.3283,0.02392199,1.932099,0.7774069,-2.235922,0.1031763,-0.1289726,0.6986666,0.6961219,272.1005,254.9164,266.1842,1.834797,0.7817002,-2.256812,0.06405962,-0.06865582,0.6816663,0.7256128,273.5809,348.6419,180.5832
8.717174,1,0,-1.64,0,0,1,0,0,180,0,1.553832,0.8465992,-2.45805,-0.02030133,-0.13045,0.9845635,0.1149145,347.2331,184.1134,344.4447,1.354764,0.8292239,-2.504552,0.1966052,-0.006451385,0.9798704,0.03403991,356.0293,157.3077,0.0426043,1.932619,0.7777367,-2.235885,0.1031227,-0.1290468,0.698681,0.6961017,272.111,254.8675,266.2314,1.834849,0.7817909,-2.256817,0.06416747,-0.06871524,0.6817031,0.725563,273.5735,348.686,180.5255
8.739339,1,0,-1.64,0,0,1,0,0,180,0,1.553969,0.8465536,-2.458019,-0.02033456,-0.1304233,0.9845619,0.1149527,347.2292,184.1175,344.4471,1.356287,0.8290895,-2.503604,0.1962279,-0.006814668,0.9799582,0.03361583,356.0688,157.3539,359.9906,1.934729,0.779011,-2.2352,0.1030819,-0.1292162,0.6982964,0.6964621,272.1228,256.5292,264.5591,1.834378,0.7813572,-2.256963,0.06408718,-0.06884601,0.6816064,0.7256486,273.5899,348.4367,180.7707
8.761687,1,0,-1.64,0,0,1,0,0,180,0,1.554119,0.8464832,-2.458003,-0.02032221,-0.1304244,0.984561,0.1149617,347.228,184.1163,344.4471,1.356711,0.8290491,-2.503356,0.1960463,-0.007078623,0.9799988,0.03343821,356.0828,157.3764,359.9562,1.935104,0.7793714,-2.235113,0.1028608,-0.1292804,0.6982697,0.6965097,272.1456,256.7392,264.3618,1.834339,0.7813739,-2.256873,0.06406417,-0.06865092,0.6815026,0.7257665,273.6064,348.6965,180.5286
8.783788,1,0,-1.64,0,0,1,0,0,180,0,1.554122,0.8466916,-2.457682,-0.02020919,-0.1305556,0.9845408,0.1150058,347.2217,184.1057,344.4327,1.356515,0.8287789,-2.503502,0.1958629,-0.007561845,0.9800459,0.03302279,356.1187,157.4003,359.8917,1.935691,0.7798445,-2.235024,0.1028807,-0.1293984,0.6981844,0.6965703,272.1528,257.0615,264.0282,1.834418,0.7815638,-2.256813,0.06416241,-0.06868397,0.6815688,0.7256926,273.5945,348.7563,180.4582
8.806026,1,0,-1.64,0,0,1,0,0,180,0,1.55279,0.8466745,-2.45848,-0.02042151,-0.1307193,0.9845125,0.1150244,347.2236,184.1327,344.4106,1.355915,0.8291867,-2.504118,0.1962207,-0.007046727,0.9799615,0.03351647,356.0747,157.3558,359.9622,1.936009,0.7800251,-2.234854,0.1028465,-0.1295382,0.698131,0.6966028,272.1662,257.2637,263.8173,1.834493,0.7815773,-2.256744,0.064133,-0.06876693,0.681642,0.7256185,273.5836,348.5898,180.6203
8.828066,1,0,-1.64,0,0,1,0,0,180,0,1.552287,0.8463932,-2.458633,-0.02041906,-0.1306553,0.984494,0.1152562,347.1968,184.1355,344.4164,1.356292,0.8289273,-2.503615,0.195921,-0.007314696,0.9800251,0.03334966,356.0875,157.3921,359.9271,1.936348,0.780224,-2.234693,0.1027959,-0.1296064,0.6980278,0.696701,272.175,257.7068,263.3728,1.834573,0.7814841,-2.256742,0.06423052,-0.06907373,0.6816636,0.7255605,273.579,348.2925,180.8847
8.850584,1,0,-1.64,0,0,1,0,0,180,0,1.550033,0.8455859,-2.459672,-0.02080361,-0.1311113,0.9844067,0.115415,347.1867,184.1887,344.3565,1.356336,0.8286119,-2.503564,0.1956686,-0.007859419,0.9800825,0.03302275,356.112,157.4241,359.8574,1.936809,0.7805939,-2.234723,0.1026833,-0.1297405,0.6979783,0.6967423,272.1948,257.9233,263.1544,1.834689,0.7816681,-2.256739,0.06428695,-0.06911354,0.6818413,0.7253847,273.5503,348.2596,180.9099
8.872434,1,0,-1.64,0,0,1,0,0,180,0,1.553249,0.8467184,-2.458194,-0.02007698,-0.130451,0.9845376,0.1151745,347.2,184.0918,344.4454,1.355918,0.8285115,-2.503798,0.1955758,-0.008245721,0.9801044,0.03282554,356.1255,157.4366,359.8091,1.937835,0.7812307,-2.234456,0.1025303,-0.1298029,0.6978352,0.6968966,272.2112,258.5714,262.5137,1.834763,0.7817159,-2.256685,0.06426858,-0.0691082,0.6818436,0.7253847,273.5503,348.2433,180.9281
8.883697,1,0,-1.64,0,0,1,0,0,180,0,1.553251,0.8467309,-2.458168,-0.02014712,-0.1304695,0.9845323,0.1151871,347.1997,184.1004,344.4422,1.355396,0.8288221,-2.504315,0.1957398,-0.008105527,0.9800695,0.0329235,356.1176,157.4168,359.8278,1.937996,0.7813619,-2.234398,0.1025062,-0.1298187,0.6978155,0.6969169,272.2142,258.6585,262.4273,1.834806,0.7817211,-2.256647,0.06422003,-0.06905197,0.6818851,0.7253553,273.5444,348.2473,180.9326
8.905881,1,0,-1.64,0,0,1,0,0,180,0,1.554476,0.8473849,-2.457567,-0.01998582,-0.1302981,0.9845598,0.1151738,347.198,184.0793,344.4646,1.355329,0.8289385,-2.504218,0.1959219,-0.007937139,0.9800299,0.03305951,356.1061,157.3947,359.8505,1.938152,0.7815717,-2.234238,0.1025288,-0.1299163,0.6976839,0.6970271,272.2199,259.1643,261.9116,1.835127,0.7819059,-2.256688,0.0642102,-0.06924083,0.6817644,0.7254516,273.5639,348.0139,181.1514
8.928131,1,0,-1.64,0,0,1,0,0,180,0,1.553727,0.8471517,-2.458045,-0.01998469,-0.1301567,0.984572,0.1152297,347.191,184.0782,344.4808,1.355221,0.8290876,-2.504365,0.1961977,-0.007446724,0.9799652,0.03345439,356.0727,157.36,359.9157,1.937989,0.7813948,-2.234339,0.1023856,-0.1302325,0.697692,0.6969811,272.2571,259.0684,261.9931,1.835252,0.7818861,-2.256752,0.0641933,-0.06930274,0.6816393,0.7255648,273.5837,347.9459,181.2156
8.939355,1,0,-1.64,0,0,1,0,0,180,0,1.55378,0.8471677,-2.458054,-0.0199445,-0.1301725,0.9845691,0.1152434,347.1889,184.074,344.4793,1.355162,0.8290937,-2.504417,0.196121,-0.007500834,0.9799784,0.03350769,356.0655,157.3691,359.9105,1.938086,0.7814857,-2.234288,0.1023601,-0.1301884,0.6976585,0.6970266,272.2553,259.2328,261.8345,1.835314,0.7819036,-2.256734,0.06416272,-0.06935555,0.6815963,0.7256029,273.5911,347.85,181.3097
8.961347,1,0,-1.64,0,0,1,0,0,180,0,1.554659,0.8472252,-2.457681,-0.01930226,-0.1298718,0.984633,0.1151463,347.1888,183.9941,344.5237,1.356097,0.8295649,-2.504054,0.1964643,-0.006775742,0.9799026,0.03386524,356.0416,157.3257,0.001578872,1.938129,0.7814645,-2.234278,0.1023061,-0.1302821,0.6976752,0.6970002,272.2675,259.1497,261.9142,1.835338,0.7820705,-2.25657,0.06424353,-0.06937423,0.6816396,0.7255533,273.5829,347.9118,181.2398
8.983482,1,0,-1.64,0,0,1,0,0,180,0,1.554423,0.8472452,-2.457788,-0.01941,-0.1298709,0.9846539,0.1149498,347.2128,184.0033,344.5239,1.356368,0.8295298,-2.503839,0.1966141,-0.006328527,0.9798653,0.03415867,356.0187,157.306,0.05915426,1.938085,0.7814013,-2.234369,0.1022299,-0.1302456,0.6976757,0.6970178,272.2706,259.1915,261.8817,1.835544,0.782215,-2.256604,0.06424415,-0.069247,0.6815667,0.7256338,273.5942,348.104,181.0579
8.995442,1,0,-1.64,0,0,1,0,0,180,0,1.554629,0.8470712,-2.457523,-0.01911816,-0.1295512,0.9847168,0.1148213,347.2217,183.9631,344.5663,1.356374,0.8295417,-2.503836,0.1966061,-0.006356474,0.9798651,0.03420629,356.0128,157.307,0.05705317,1.938145,0.7814745,-2.234315,0.1022871,-0.1302736,0.6976666,0.6970133,272.2685,259.1958,261.8704,1.835615,0.7822858,-2.256573,0.06425592,-0.06931093,0.6815604,0.7256325,273.5951,348.0348,181.121
9.009652,1,0,-1.64,0,0,1,0,0,180,0,1.555033,0.8475062,-2.457637,-0.01890566,-0.1297106,0.9847342,0.1145264,347.2527,183.9357,344.5524,1.35675,0.8295274,-2.5035,0.1966709,-0.006044392,0.9798472,0.03440208,355.9978,157.2979,0.09687231,1.938033,0.7814724,-2.234283,0.102292,-0.1303037,0.6975798,0.6970938,272.27,259.5378,261.5255,1.835563,0.7824026,-2.256462,0.06416636,-0.06920939,0.6813931,0.7258074,273.6226,348.1077,181.0636
9.028336,1,0,-1.64,0,0,1,0,0,180,0,1.554551,0.847323,-2.457875,-0.01900334,-0.1298024,0.9847249,0.1144858,347.2592,183.9475,344.5407,1.356972,0.8295733,-2.503411,0.1967762,-0.005714889,0.9798303,0.03433935,356.0123,157.2844,0.1329672,1.937995,0.7814179,-2.234327,0.1021002,-0.130418,0.6976606,0.6970196,272.2953,259.2382,261.8315,1.835722,0.7823195,-2.256612,0.06411856,-0.0692162,0.6813193,0.7258801,273.6348,348.0612,181.1134
9.039869,1,0,-1.64,0,0,1,0,0,180,0,1.554616,0.8473136,-2.457885,-0.01901683,-0.1297681,0.9847324,0.1144584,347.2624,183.9481,344.5448,1.357052,0.8296506,-2.503525,0.1969575,-0.00533019,0.9797843,0.0346744,355.9833,157.2612,0.1845961,1.937855,0.7812704,-2.234462,0.1021032,-0.1304528,0.6976209,0.6970524,272.2977,259.3844,261.6821,1.835707,0.7823468,-2.256599,0.06409827,-0.0691984,0.68128,0.7259205,273.6413,348.0711,181.1065
9.061942,1,0,-1.64,0,0,1,0,0,180,0,1.555144,0.8475886,-2.457763,-0.01902571,-0.1296617,0.9847637,0.1143079,347.2793,183.9453,344.5583,1.357352,0.8297999,-2.503466,0.1970483,-0.004982798,0.9797554,0.03502106,355.9522,157.2486,0.2319302,1.937421,0.7808931,-2.234598,0.1021364,-0.1304752,0.6975956,0.6970687,272.2969,259.4658,261.5962,1.835732,0.7823647,-2.256569,0.06404129,-0.06904793,0.6811981,0.7260167,273.6548,348.2232,180.9713
9.074586,1,0,-1.64,0,0,1,0,0,180,0,1.555769,0.847921,-2.457566,-0.01891442,-0.1295302,0.9847955,0.1142018,347.2892,183.9289,344.576,1.357724,0.8292569,-2.503129,0.1967525,-0.005599136,0.9798246,0.03465357,355.9796,157.2862,0.1530133,1.937045,0.7806174,-2.234692,0.1021069,-0.1305325,0.6975753,0.6970826,272.3038,259.5367,261.5229,1.835683,0.7823045,-2.256598,0.06405351,-0.06896902,0.6811318,0.7260854,273.6647,348.3596,180.8402
9.095187,1,0,-1.64,0,0,1,0,0,180,0,1.557234,0.848456,-2.45699,-0.01875315,-0.1293611,0.9848648,0.113822,347.3293,183.9016,344.6008,1.357567,0.828917,-2.503279,0.1965706,-0.006136995,0.9798728,0.03422909,356.0151,157.3103,0.08212695,1.937378,0.7808383,-2.234567,0.1019779,-0.1305236,0.697349,0.6973296,272.3132,260.4966,260.5743,1.835958,0.7825311,-2.256493,0.06414653,-0.06896249,0.6812086,0.7260057,273.6514,348.4604,180.7325
9.1167,1,0,-1.64,0,0,1,0,0,180,0,1.556484,0.8484719,-2.457428,-0.01891936,-0.1297549,0.9848088,0.1138305,347.3325,183.9261,344.5523,1.357143,0.8290735,-2.503694,0.1966166,-0.006073585,0.9798646,0.03421116,356.0186,157.3047,0.08904517,1.937487,0.780921,-2.234629,0.1019242,-0.1306448,0.6973334,0.6973303,272.3273,260.5265,260.5388,1.836144,0.7826214,-2.256414,0.06414627,-0.06895301,0.6810633,0.7261429,273.674,348.5105,180.6831
9.128042,1,0,-1.64,0,0,1,0,0,180,0,1.556573,0.8485203,-2.457448,-0.01888616,-0.1297413,0.9848166,0.1137841,347.3372,183.9214,344.5547,1.356764,0.8292457,-2.503831,0.1967989,-0.005957282,0.9798219,0.03440716,355.9992,157.2825,0.107315,1.937221,0.7807761,-2.23464,0.1019818,-0.1305915,0.6973391,0.6973262,272.3184,260.5067,260.5583,1.836088,0.7825757,-2.256511,0.06411143,-0.06889138,0.681055,0.7261596,273.6757,348.5514,180.6501
9.149927,1,0,-1.64,0,0,1,0,0,180,0,1.55534,0.8482415,-2.45793,-0.01929641,-0.1301415,0.9847416,0.1139072,347.3311,183.9761,344.5015,1.356459,0.8294332,-2.503949,0.1970038,-0.005644262,0.9797732,0.03467199,355.9765,157.2569,0.1493851,1.93733,0.7810099,-2.234496,0.1019241,-0.1305795,0.6971965,0.6974794,272.3221,261.1008,259.9699,1.835972,0.7825557,-2.256459,0.06395692,-0.06901735,0.6811308,0.7260901,273.6665,348.18,181.0238
9.161549,1,0,-1.64,0,0,1,0,0,180,0,1.555358,0.8483044,-2.457958,-0.01929139,-0.1301746,0.9847372,0.1139083,347.3311,183.976,344.4977,1.356461,0.8294111,-2.503966,0.1969859,-0.005665675,0.9797734,0.03476463,355.9656,157.2589,0.149002,1.937255,0.7810193,-2.234457,0.1019444,-0.1305483,0.6971743,0.6975045,272.318,261.1973,259.8743,1.836057,0.7825857,-2.256401,0.06397796,-0.06901665,0.6811095,0.7261084,273.6696,348.2121,180.9901
9.173014,1,0,-1.64,0,0,1,0,0,180,0,1.556519,0.8482578,-2.456916,-0.01871425,-0.1299164,0.9847823,0.1139095,347.321,183.9059,344.5353,1.356938,0.8292208,-2.50353,0.1967261,-0.005953763,0.9798379,0.03436816,356.0036,157.2911,0.1065304,1.937186,0.7809463,-2.23445,0.1019871,-0.1306465,0.6970938,0.6975603,272.3227,261.4626,259.5974,1.835947,0.7824679,-2.256423,0.06408742,-0.06924677,0.6810891,0.726096,273.6714,348.0477,181.1268
9.194688,1,0,-1.64,0,0,1,0,0,180,0,1.555406,0.8479347,-2.457333,-0.01874269,-0.1299175,0.9847671,0.1140343,347.3072,183.9113,344.5339,1.356917,0.8295999,-2.503697,0.1968559,-0.005641254,0.9798064,0.03457322,355.9877,157.2744,0.1468774,1.936973,0.780651,-2.234611,0.1019854,-0.1306857,0.6971875,0.6974596,272.3257,261.0715,259.9854,1.835999,0.7824743,-2.256504,0.06419072,-0.06939366,0.6811537,0.7260122,273.6598,347.9612,181.193
9.217393,1,0,-1.64,0,0,1,0,0,180,0,1.555992,0.848251,-2.457154,-0.01873793,-0.1297901,0.9847977,0.113917,347.3199,183.9071,344.5498,1.356792,0.8295752,-2.503847,0.196978,-0.005504401,0.9797759,0.03476419,355.9693,157.2593,0.16711,1.93675,0.7806126,-2.234688,0.1020509,-0.1306391,0.6971818,0.6974643,272.3168,261.0939,259.9615,1.836018,0.7825767,-2.256443,0.06418521,-0.06931045,0.6811269,0.7260458,273.6639,348.0714,181.09
9.239495,1,0,-1.64,0,0,1,0,0,180,0,1.556103,0.8482659,-2.457118,-0.01874508,-0.1298146,0.9847974,0.11389,347.3232,183.9078,344.5471,1.356553,0.8295711,-2.503911,0.1971777,-0.005124199,0.9797327,0.03490868,355.9617,157.2342,0.2140007,1.936848,0.7805707,-2.23479,0.1020606,-0.1307412,0.6973062,0.6973195,272.3242,260.5497,260.4965,1.83584,0.7823683,-2.256385,0.06419735,-0.0693596,0.6811221,0.7260445,273.6646,348.0228,181.1335
9.2618,1,0,-1.64,0,0,1,0,0,180,0,1.558019,0.8490784,-2.456391,-0.01865654,-0.129667,0.9848325,0.113769,347.3351,183.8936,344.5664,1.356934,0.8299074,-2.503671,0.1972821,-0.004472494,0.9796982,0.03537416,355.9242,157.2186,0.2983494,1.936741,0.7804475,-2.234787,0.1020048,-0.1306483,0.697295,0.6973563,272.3211,260.6519,260.4066,1.83591,0.7822509,-2.256596,0.06417852,-0.06931493,0.6811051,0.7260664,273.6674,348.0635,181.098
9.273063,1,0,-1.64,0,0,1,0,0,180,0,1.558131,0.8491337,-2.45634,-0.01866802,-0.1296153,0.9848347,0.1138068,347.3307,183.8949,344.5721,1.356932,0.8299453,-2.503639,0.1973694,-0.004455394,0.9796813,0.03535546,355.9267,157.2083,0.3002127,1.936643,0.7804005,-2.234769,0.1019871,-0.1306574,0.6972851,0.697367,272.3233,260.6933,260.3659,1.835987,0.7822437,-2.256559,0.06417052,-0.06928535,0.6810793,0.7260941,273.6715,348.0999,181.0647
9.294758,1,0,-1.64,0,0,1,0,0,180,0,1.559225,0.8492829,-2.456159,-0.01854548,-0.1295224,0.9848746,0.1135871,347.3536,183.8758,344.5862,1.357401,0.8293595,-2.503183,0.1970369,-0.004814788,0.9797547,0.03512936,355.9439,157.2491,0.2532487,1.936842,0.7804621,-2.234685,0.1019751,-0.1306476,0.697219,0.6974367,272.3235,260.9657,260.0953,1.835982,0.7822301,-2.256512,0.06419461,-0.06914245,0.6810706,0.7261137,273.6724,348.3185,180.8557
9.306317,1,0,-1.64,0,0,1,0,0,180,0,1.558406,0.8490456,-2.456454,-0.01849894,-0.1298103,0.9848529,0.1134548,347.3691,183.8719,344.5539,1.357592,0.8289545,-2.503032,0.1968409,-0.005457501,0.9798101,0.03458466,355.9905,157.2755,0.1677556,1.936738,0.7803999,-2.234681,0.1019456,-0.1306426,0.6972152,0.6974458,272.3255,260.9922,260.0716,1.835967,0.7824851,-2.256487,0.0641681,-0.06922455,0.6811063,0.7260748,273.6674,348.1693,181.0005
9.3286,1,0,-1.64,0,0,1,0,0,180,0,1.558122,0.8488483,-2.456437,-0.01809836,-0.1296843,0.9848702,0.1135128,347.3558,183.825,344.5734,1.35734,0.8288751,-2.503318,0.1965588,-0.005936386,0.9798779,0.03418636,356.0244,157.311,0.103691,1.936537,0.7803009,-2.23464,0.1019334,-0.1305977,0.6972185,0.6974527,272.3228,261.0023,260.0662,1.836024,0.7824825,-2.256553,0.06415416,-0.06912977,0.6811108,0.7260809,273.6667,348.2756,180.903
9.351163,1,0,-1.64,0,0,1,0,0,180,0,1.558792,0.8494351,-2.456241,-0.01827069,-0.1295757,0.9848852,0.1134794,347.3618,183.8429,344.5842,1.354011,0.8278742,-2.505054,0.1970863,-0.005593716,0.979748,0.03492212,355.9496,157.2466,0.1610874,1.936756,0.780513,-2.234755,0.1019348,-0.1306654,0.6971893,0.697469,272.3281,261.0891,259.9737,1.836003,0.7826135,-2.256499,0.06418011,-0.06940864,0.6811122,0.7260507,273.6664,347.9405,181.2133
9.362705,1,0,-1.64,0,0,1,0,0,180,0,1.558908,0.8494828,-2.45622,-0.01825207,-0.129625,0.9848751,0.1135137,347.3578,183.842,344.5784,1.354626,0.8285577,-2.504847,0.1971667,-0.005068785,0.9797258,0.03517191,355.9334,157.2348,0.2261674,1.93665,0.7804703,-2.234737,0.1019276,-0.1306836,0.6972104,0.6974456,272.3301,260.9997,260.0622,1.836061,0.7826586,-2.256461,0.06415664,-0.06937385,0.6811208,0.7260481,273.6654,347.9554,181.2031
9.384115,1,0,-1.64,0,0,1,0,0,180,0,1.559688,0.8497396,-2.456087,-0.01824877,-0.1295726,0.9849093,0.113277,347.3846,183.8369,344.5864,1.352903,0.827195,-2.505606,0.1973317,-0.00540741,0.9796801,0.03546685,355.8926,157.2162,0.1954455,1.936612,0.7804769,-2.234755,0.1019064,-0.1306569,0.6972606,0.6974034,272.3298,260.8176,260.2482,1.836298,0.7827863,-2.25649,0.06417214,-0.06928471,0.6811203,0.7260556,273.6651,348.0913,181.0732
9.406313,1,0,-1.64,0,0,1,0,0,180,0,1.560104,0.8496928,-2.455762,-0.01789756,-0.1293916,0.9849607,0.1130928,347.3995,183.7909,344.6134,1.353629,0.8281682,-2.505101,0.1974519,-0.004877275,0.9796548,0.0355735,355.8926,157.1999,0.2580374,1.936582,0.7804242,-2.234841,0.1019846,-0.1306175,0.6972397,0.6974202,272.3203,260.8926,260.17,1.836401,0.7827158,-2.256424,0.06418435,-0.06918536,0.6811068,0.7260767,273.6669,348.2401,180.9315
9.42819,1,0,-1.64,0,0,1,0,0,180,0,1.559179,0.8491912,-2.456001,-0.0175609,-0.1293873,0.9849922,0.1128761,347.419,183.7483,344.6198,1.354225,0.8287896,-2.50481,0.1975555,-0.00445687,0.9796319,0.03568365,355.8898,157.1859,0.3082906,1.936291,0.7801726,-2.234833,0.1019349,-0.13059,0.6971725,0.6974998,272.322,261.1889,259.8801,1.836422,0.7827463,-2.256403,0.06424067,-0.06924959,0.681072,0.7260982,273.6714,348.2332,180.9286
9.43945,1,0,-1.64,0,0,1,0,0,180,0,1.559299,0.8492051,-2.455973,-0.01754355,-0.1294118,0.9849917,0.1128548,347.4212,183.7463,344.6172,1.35495,0.8286836,-2.504175,0.1973195,-0.004695485,0.9796856,0.03548361,355.9068,157.2148,0.2758974,1.936156,0.7801231,-2.234819,0.1019449,-0.1305811,0.6971726,0.6974999,272.3206,261.1893,259.8796,1.836497,0.7827814,-2.256366,0.06417676,-0.06924665,0.6811013,0.7260767,273.668,348.1521,181.0152
9.461875,1,0,-1.64,0,0,1,0,0,180,0,1.559836,0.8496442,-2.455562,-0.01716314,-0.1292274,0.9850082,0.1129808,347.4003,183.702,344.6428,1.355404,0.8290912,-2.504207,0.1973756,-0.004503283,0.9796717,0.03558096,355.9003,157.2073,0.2999763,1.935851,0.7800557,-2.234925,0.1018953,-0.1304705,0.6971083,0.6975921,272.3159,261.511,259.571,1.83629,0.7826843,-2.256403,0.06415866,-0.06922619,0.6810316,0.7261455,273.6791,348.1761,180.9942
9.473219,1,0,-1.64,0,0,1,0,0,180,0,1.559622,0.8501312,-2.455915,-0.01748926,-0.129403,0.9849921,0.1128697,347.4187,183.7401,344.6189,1.355518,0.8294351,-2.504206,0.1975004,-0.004087037,0.9796365,0.03590708,355.8731,157.1905,0.354764,1.936315,0.7802292,-2.234859,0.101927,-0.1304267,0.6970513,0.6976526,272.3098,261.7501,259.333,1.836356,0.782728,-2.256344,0.06414603,-0.06921702,0.6810306,0.7261485,273.6794,348.1732,180.9989
9.495529,1,0,-1.64,0,0,1,0,0,180,0,1.559492,0.8498747,-2.45629,-0.01752868,-0.1293934,0.985013,0.112692,347.4395,183.7416,344.6208,1.356009,0.8299282,-2.503985,0.1976379,-0.003690192,0.9796044,0.03606941,355.8639,157.1725,0.4037012,1.93657,0.7803656,-2.234793,0.1019639,-0.1303939,0.6970032,0.6977015,272.3044,261.9482,259.1346,1.836027,0.7824756,-2.256448,0.06405656,-0.06916961,0.6809728,0.7262152,273.6898,348.1437,181.0395
9.516968,1,0,-1.64,0,0,1,0,0,180,0,1.55834,0.8494037,-2.457014,-0.01776058,-0.1297165,0.9849569,0.1127747,347.4349,183.774,344.5793,1.356535,0.830118,-2.503859,0.1978306,-0.003188359,0.9795647,0.03613915,355.8675,157.1478,0.4625788,1.936741,0.7804417,-2.234766,0.1020263,-0.1304407,0.6969576,0.6977292,272.3033,262.0924,258.9814,1.835846,0.7824394,-2.256639,0.06386507,-0.06943343,0.6808795,0.7262943,273.708,347.5984,181.5788
9.528528,1,0,-1.64,0,0,1,0,0,180,0,1.557097,0.8488941,-2.457397,-0.01796633,-0.1301057,0.9848796,0.1129689,347.4174,183.806,344.5295,1.356929,0.8295438,-2.503517,0.1975205,-0.003695316,0.9796391,0.03576806,355.8976,157.1869,0.3957678,1.936617,0.7803929,-2.234729,0.102017,-0.1304682,0.6968971,0.6977859,272.3065,262.3254,258.7469,1.835872,0.782448,-2.256615,0.06380425,-0.06945436,0.6809048,0.726274,273.7051,347.4914,181.6891
9.550595,1,0,-1.64,0,0,1,0,0,180,0,1.557896,0.8490255,-2.456618,-0.01739603,-0.1299807,0.9849038,0.1129907,347.4056,183.7388,344.5512,1.357247,0.8300496,-2.503486,0.1976179,-0.003319597,0.979615,0.03592545,355.8885,157.1737,0.4420426,1.936485,0.7804734,-2.234748,0.1019561,-0.1304842,0.6968778,0.697811,272.3129,262.4116,258.6644,1.835511,0.7820953,-2.256599,0.0638439,-0.06944153,0.680878,0.7262967,273.7086,347.5632,181.6152
9.562099,1,0,-1.64,0,0,1,0,0,180,0,1.558485,0.8493066,-2.456334,-0.0172837,-0.1300513,0.984911,0.1128638,347.4186,183.7247,344.5452,1.35747,0.8300176,-2.503438,0.19765,-0.003263858,0.9796097,0.03589796,355.8928,157.1698,0.4478239,1.936637,0.7805281,-2.23484,0.1019787,-0.1303869,0.6968506,0.6978531,272.3033,262.5621,258.52,1.83571,0.782403,-2.256548,0.06388959,-0.06938747,0.6808913,0.7262854,273.7057,347.6838,181.4952
9.584055,1,0,-1.64,0,0,1,0,0,180,0,1.55783,0.8492211,-2.456501,-0.01747147,-0.1300707,0.9848987,0.1129203,347.4152,183.7476,344.5402,1.357449,0.8293561,-2.503191,0.1971392,-0.004314357,0.9797357,0.03515159,355.9527,157.2351,0.310497,1.936595,0.7804304,-2.234834,0.1019125,-0.130476,0.6968804,0.6978164,272.3157,262.4169,258.6633,1.835674,0.7822438,-2.256618,0.06399032,-0.06944259,0.6809484,0.7262177,273.6952,347.7155,181.4509
9.606028,1,0,-1.64,0,0,1,0,0,180,0,1.558331,0.8495126,-2.45637,-0.01770226,-0.129965,0.9849045,0.1129558,347.4143,183.7735,344.5494,1.35708,0.8296218,-2.503638,0.1971501,-0.004386959,0.9797338,0.03513275,355.9532,157.2342,0.3019435,1.937314,0.7807335,-2.234437,0.1021865,-0.1306581,0.696939,0.6976836,272.3077,262.0195,259.0233,1.835606,0.782204,-2.256595,0.06400343,-0.06957779,0.6810003,0.726155,273.6871,347.5396,181.6147
9.617392,1,0,-1.64,0,0,1,0,0,180,0,1.558384,0.8495486,-2.456375,-0.01768761,-0.1299386,0.9849116,0.1129263,347.4173,183.771,344.5529,1.35717,0.8296266,-2.503625,0.1971358,-0.004341002,0.9797407,0.03502758,355.9661,157.2359,0.3046682,1.937659,0.7808961,-2.234301,0.1024745,-0.1307197,0.697189,0.69738,272.2889,260.8946,260.1195,1.835523,0.7819815,-2.256701,0.06394757,-0.06949569,0.6808739,0.7262864,273.7076,347.6173,181.5482
9.639586,1,0,-1.64,0,0,1,0,0,180,0,1.559493,0.8497796,-2.456039,-0.01785261,-0.1300039,0.9848974,0.1129485,347.4176,183.7912,344.543,1.357023,0.8293309,-2.503736,0.1971119,-0.004595232,0.9797528,0.03478877,355.9872,157.2401,0.2705375,1.93776,0.781286,-2.234528,0.1022285,-0.130672,0.6971996,0.6974144,272.3049,260.9517,260.0865,1.835689,0.7821501,-2.256687,0.06402202,-0.06943397,0.6808965,0.7262645,273.7028,347.7796,181.3849
9.661645,1,0,-1.64,0,0,1,0,0,180,0,1.559474,0.849527,-2.456214,-0.01781762,-0.1299455,0.9849032,0.1129707,347.4143,183.7868,344.5502,1.356918,0.8290036,-2.50375,0.1968329,-0.005068434,0.9798177,0.03447128,356.0121,157.2751,0.2089417,1.937751,0.7813371,-2.234564,0.1022558,-0.1305667,0.6972178,0.697412,272.2941,260.9152,260.1294,1.835754,0.7824041,-2.256662,0.06388579,-0.06948796,0.6807703,0.7263896,273.7248,347.5846,181.5866
9.684016,1,0,-1.64,0,0,1,0,0,180,0,1.559682,0.849542,-2.456208,-0.0178281,-0.1299266,0.9849052,0.1129737,347.414,183.7878,344.5522,1.356494,0.8293573,-2.503925,0.1971008,-0.005000076,0.9797572,0.0346722,355.9911,157.2431,0.2222858,1.937459,0.7811442,-2.23462,0.1022257,-0.1305227,0.697163,0.6974794,272.2931,261.1661,259.8847,1.8356,0.7824382,-2.256552,0.06397749,-0.06949968,0.680831,0.7263236,273.7138,347.6603,181.5024
9.706149,1,0,-1.64,0,0,1,0,0,180,0,1.559929,0.8493707,-2.455742,-0.01737068,-0.129851,0.9849312,0.112905,347.4145,183.7328,344.5674,1.356233,0.8294399,-2.504101,0.1973163,-0.00481749,0.9797127,0.03473045,355.9887,157.2171,0.2450394,1.937247,0.7810426,-2.234615,0.1021502,-0.1304967,0.6971127,0.6975455,272.2973,261.4042,259.6548,1.835775,0.7826856,-2.256397,0.06409947,-0.06947024,0.6809048,0.7262464,273.7003,347.8223,181.3329
9.728029,1,0,-1.64,0,0,1,0,0,180,0,1.559194,0.8494444,-2.456178,-0.01747406,-0.1300149,0.9849196,0.1128019,347.4285,183.7452,344.5475,1.356125,0.8294898,-2.504194,0.1974375,-0.004453098,0.9796833,0.03491796,355.9759,157.2012,0.2908056,1.937289,0.7807368,-2.234672,0.1021024,-0.1305945,0.69704,0.697607,272.3093,261.6676,259.3874,1.836093,0.7825023,-2.25648,0.06417891,-0.06928425,0.6809484,0.7262163,273.6919,348.1473,181.0166
9.750237,1,0,-1.64,0,0,1,0,0,180,0,1.559702,0.8498126,-2.455782,-0.01715423,-0.1297099,0.9849737,0.1127299,347.4306,183.703,344.588,1.355839,0.8298693,-2.504353,0.1977071,-0.003854858,0.979616,0.03534945,355.9411,157.1665,0.3690602,1.937084,0.7807255,-2.234715,0.1020635,-0.130448,0.6970178,0.6976622,272.3005,261.8356,259.2346,1.83605,0.7825723,-2.256489,0.06419319,-0.06922906,0.6811002,0.7260779,273.6678,348.1952,180.9721
9.762064,1,0,-1.64,0,0,1,0,0,180,0,1.559784,0.849848,-2.455753,-0.01713406,-0.1297026,0.9849687,0.1127847,347.424,183.7015,344.5887,1.356282,0.8301827,-2.504083,0.1976364,-0.003810346,0.9796304,0.03534959,355.942,157.1746,0.3737787,1.937007,0.7806584,-2.234703,0.1020656,-0.1304859,0.6970282,0.6976445,272.3035,261.7757,259.2911,1.836111,0.7826258,-2.256439,0.06412232,-0.06920928,0.6810922,0.7260935,273.6702,348.138,181.0367
9.784187,1,0,-1.64,0,0,1,0,0,180,0,1.558934,0.8496635,-2.456273,-0.01743854,-0.1297169,0.9849712,0.1126995,347.4385,183.7355,344.5838,1.356695,0.8302861,-2.503777,0.1976775,-0.003423146,0.9796156,0.03557093,355.926,157.1678,0.422563,1.936824,0.7805045,-2.234781,0.1019206,-0.1305829,0.6970304,0.6976452,272.3231,261.7642,259.3065,1.835686,0.7824913,-2.256483,0.06411722,-0.06913085,0.6810936,0.7261001,273.6699,348.2343,180.9472
9.806168,1,0,-1.64,0,0,1,0,0,180,0,1.55992,0.8500981,-2.455725,-0.01752248,-0.1294104,0.9849929,0.112849,347.4216,183.7437,344.6177,1.357423,0.8297381,-2.503403,0.197486,-0.003877287,0.9796662,0.03519025,355.9584,157.1928,0.3619962,1.936844,0.780552,-2.234749,0.101882,-0.1305725,0.6970018,0.6976814,272.3256,261.8943,259.1805,1.83595,0.782486,-2.256569,0.06410088,-0.06901011,0.6810626,0.7261422,273.6749,348.3813,180.8114
9.828405,1,0,-1.64,0,0,1,0,0,180,0,1.559707,0.8498392,-2.455966,-0.01756008,-0.1293741,0.9849913,0.1128988,347.4163,183.7484,344.6212,1.357299,0.8294089,-2.503492,0.1971846,-0.004294484,0.9797326,0.03498343,355.9721,157.2301,0.3091021,1.936538,0.7803276,-2.234733,0.1018662,-0.1304688,0.6969798,0.6977251,272.3186,262.0349,259.0497,1.836154,0.7824608,-2.256585,0.06415495,-0.06892808,0.6810103,0.7261943,273.6821,348.5672,180.6277
9.850509,1,0,-1.64,0,0,1,0,0,180,0,1.559573,0.8498716,-2.456059,-0.01752474,-0.1296105,0.9849699,0.1128196,347.4257,183.7461,344.5944,1.357001,0.8290488,-2.503603,0.1969713,-0.004851853,0.9797823,0.03471901,355.9891,157.2576,0.2394979,1.9365,0.780371,-2.234743,0.1019049,-0.1305058,0.6969107,0.6977815,272.3188,262.283,258.7953,1.836056,0.7826009,-2.256577,0.06395292,-0.0691423,0.6809975,0.7262037,273.6876,348.0484,181.1455
9.872742,1,0,-1.64,0,0,1,0,0,180,0,1.560835,0.8502446,-2.455653,-0.01753517,-0.1295299,0.9849979,0.1126669,347.443,183.7437,344.6049,1.35671,0.8296034,-2.503886,0.1971221,-0.004586269,0.9797496,0.03482243,355.9836,157.2388,0.2723523,1.936373,0.7801914,-2.234837,0.101838,-0.1305316,0.6970181,0.6976792,272.3257,261.8607,259.2211,1.835793,0.7823461,-2.256508,0.06399598,-0.06899194,0.6810751,0.7261414,273.6747,348.2755,180.9272
9.894827,1,0,-1.64,0,0,1,0,0,180,0,1.559183,0.8496583,-2.456012,-0.01717427,-0.12961,0.9849949,0.1126555,347.439,183.7028,344.6,1.356763,0.8298042,-2.503831,0.1973208,-0.004400897,0.9797035,0.03501775,355.9659,157.2145,0.2984676,1.93648,0.7802761,-2.234851,0.1018201,-0.1304702,0.6969622,0.6977491,272.3224,262.1174,258.9709,1.83575,0.7823988,-2.256602,0.06399561,-0.06912389,0.681069,0.7261347,273.6758,348.1039,181.0881
9.906327,1,0,-1.64,0,0,1,0,0,180,0,1.559232,0.8496937,-2.45599,-0.01717227,-0.1296534,0.984983,0.1127102,347.4329,183.7041,344.5945,1.356939,0.8295197,-2.503524,0.1969783,-0.004743275,0.9797803,0.03475181,355.9879,157.2563,0.2524903,1.936382,0.7802289,-2.234844,0.1018336,-0.1304806,0.6970012,0.6977063,272.322,261.9533,259.133,1.835792,0.7824162,-2.25658,0.06405282,-0.06917502,0.6810541,0.7261387,273.6772,348.1098,181.0733
9.930496,1,0,-1.64,0,0,1,0,0,180,0,1.559066,0.8498169,-2.456171,-0.01745913,-0.1296605,0.9849834,0.1126546,347.4437,183.7364,344.5905,1.357017,0.8294221,-2.503537,0.1967494,-0.005232481,0.9798374,0.03436464,356.0203,157.2857,0.1877233,1.936475,0.7802779,-2.234805,0.1019434,-0.1305688,0.6970026,0.6976723,272.3203,261.8751,259.1949,1.836156,0.7826627,-2.256546,0.06407586,-0.06921938,0.6810603,0.7261267,273.6759,348.0777,181.0999
9.950307,1,0,-1.64,0,0,1,0,0,180,0,1.559103,0.8498683,-2.456404,-0.01743,-0.1296988,0.9849992,0.1124774,347.4637,183.7306,344.5877,1.35695,0.8292478,-2.503603,0.1964494,-0.005714577,0.9799069,0.0340229,356.0478,157.3232,0.1245166,1.936304,0.7801663,-2.234829,0.1018901,-0.1305552,0.6969929,0.6976924,272.3235,261.9357,259.1398,1.836087,0.7825376,-2.256506,0.06414063,-0.06914858,0.6810415,0.7261453,273.6777,348.2534,180.9248
9.972184,1,0,-1.64,0,0,1,0,0,180,0,1.559934,0.8499142,-2.456258,-0.01737125,-0.1296285,0.9850343,0.1122591,347.4874,183.7192,344.5983,1.356675,0.8289363,-2.503637,0.1962609,-0.006340685,0.9799493,0.03377637,356.0614,157.348,0.04771768,1.93637,0.7802593,-2.234901,0.101822,-0.1305166,0.6970456,0.6976569,272.3257,261.7625,259.3218,1.836088,0.7825239,-2.256498,0.06416505,-0.0690746,0.6809841,0.726204,273.6862,348.3947,180.7874
9.984761,1,0,-1.64,0,0,1,0,0,180,0,1.560013,0.8499312,-2.456288,-0.01737325,-0.1296186,0.9850333,0.1122792,347.4851,183.7197,344.5992,1.356418,0.8293331,-2.503843,0.1964373,-0.005962003,0.9799087,0.03399789,356.045,157.3256,0.0960542,1.936259,0.7802077,-2.234897,0.101852,-0.1305137,0.69705,0.6976487,272.3231,261.7377,259.3444,1.83615,0.7825442,-2.256467,0.06419297,-0.06905857,0.6809752,0.7262114,273.6872,348.4514,180.7297
10.00519,1,0,-1.64,0,0,1,0,0,180,0,1.559602,0.849535,-2.45586,-0.01712016,-0.1294564,0.9850352,0.1124887,347.4567,183.6918,344.62,1.356322,0.8295612,-2.503968,0.1965879,-0.005621192,0.9798713,0.03426208,356.0231,157.3062,0.1409971,1.936392,0.7802315,-2.234828,0.101877,-0.130445,0.6970201,0.6976877,272.3155,261.8816,259.2041,1.836079,0.7823862,-2.256531,0.06417339,-0.06904721,0.6810325,0.7261605,273.6785,348.4278,180.7559
10.01645,1,0,-1.64,0,0,1,0,0,180,0,1.559651,0.8495278,-2.455846,-0.01715287,-0.1294328,0.9850341,0.11252,347.4535,183.6958,344.6221,1.356447,0.8293715,-2.503762,0.1963568,-0.00593746,0.9799306,0.03383483,356.0639,157.3352,0.09480753,1.936296,0.7801802,-2.234824,0.1018723,-0.1304285,0.697037,0.6976746,272.3146,261.8229,259.2645,1.836144,0.7824036,-2.256512,0.06419917,-0.06903017,0.6810378,0.7261549,273.6772,348.4797,180.7033
10.02813,1,0,-1.64,0,0,1,0,0,180,0,1.560366,0.8499468,-2.455809,-0.0173014,-0.1294694,0.9850584,0.1122423,347.4876,183.7088,344.618,1.356473,0.8294398,-2.503722,0.1963971,-0.005907208,0.9799235,0.03381269,356.0671,157.3304,0.09787443,1.9365,0.7802659,-2.234975,0.10187,-0.1304508,0.6970792,0.6976286,272.3165,261.644,259.4418,1.835947,0.7824303,-2.256618,0.06412185,-0.06889726,0.6810011,0.7262087,273.684,348.5701,180.63
10.05194,1,0,-1.64,0,0,1,0,0,180,0,1.5613,0.8504484,-2.455499,-0.01728092,-0.1295456,0.9850541,0.1121947,347.493,183.7066,344.6096,1.353372,0.8275645,-2.505286,0.1965923,-0.006312861,0.9798675,0.03422673,356.0114,157.3084,0.06236779,1.93631,0.7800843,-2.235029,0.1017658,-0.1304847,0.6971004,0.6976163,272.3274,261.5749,259.5167,1.83576,0.7822508,-2.256717,0.06412386,-0.06901531,0.680898,0.726294,273.7003,348.4452,180.7451
10.07396,1,0,-1.64,0,0,1,0,0,180,0,1.560983,0.8503698,-2.455664,-0.01728445,-0.1296084,0.9850516,0.1121437,347.4991,183.707,344.6025,1.354065,0.8282481,-2.504878,0.1965024,-0.005992997,0.9798806,0.03442325,355.9966,157.3174,0.1024463,1.936191,0.7800655,-2.234991,0.1018134,-0.1304571,0.6970882,0.6976268,272.3214,261.6221,259.4678,1.83577,0.7822883,-2.256547,0.06407955,-0.06880613,0.6807791,0.7264292,273.7194,348.6941,180.5168
10.09445,1,0,-1.64,0,0,1,0,0,180,0,1.559354,0.8501592,-2.456262,-0.01776968,-0.1299138,0.9849793,0.1123496,347.4843,183.7705,344.5591,1.355092,0.8289933,-2.504382,0.1966505,-0.005677873,0.9798523,0.03443708,356.0021,157.2988,0.1388323,1.936164,0.7801043,-2.234865,0.1017506,-0.1304465,0.6970488,0.6976772,272.3259,261.8023,259.2936,1.835462,0.7820885,-2.256691,0.06400765,-0.0690871,0.6807581,0.7264286,273.7241,348.2506,180.9432
10.11678,1,0,-1.64,0,0,1,0,0,180,0,1.557944,0.8493353,-2.456814,-0.0176632,-0.1301553,0.984938,0.1124486,347.4723,183.7629,344.5313,1.355425,0.8287643,-2.504045,0.1964464,-0.006126972,0.979902,0.03410961,356.0288,157.325,0.08004861,1.936658,0.7804837,-2.234836,0.1017154,-0.1303886,0.6969293,0.6978126,272.3244,262.3162,258.7874,1.835502,0.7820869,-2.256634,0.06401157,-0.06914233,0.6807798,0.7264026,273.7207,348.178,181.011
10.13895,1,0,-1.64,0,0,1,0,0,180,0,1.557455,0.8489357,-2.456704,-0.01729213,-0.1298634,0.9849737,0.1125319,347.4559,183.7177,344.5696,1.355591,0.8287079,-2.504026,0.1962697,-0.006556095,0.9799439,0.03383981,356.0494,157.3477,0.02493977,1.936452,0.7804325,-2.234838,0.1017435,-0.1304109,0.696946,0.6977876,272.324,262.2314,258.868,1.835565,0.7822406,-2.256657,0.06396759,-0.06897938,0.6806908,0.7265053,273.7351,348.36,180.8458
10.16098,1,0,-1.64,0,0,1,0,0,180,0,1.558956,0.8498105,-2.456106,-0.01742492,-0.1296939,0.9849935,0.1125336,347.4572,183.7309,344.5879,1.355404,0.8291115,-2.504233,0.1965266,-0.006175253,0.979889,0.03401013,356.0389,157.3159,0.07269111,1.936642,0.7803905,-2.234857,0.1016613,-0.13049,0.6968523,0.6978784,272.3376,262.5883,258.5114,1.835773,0.782209,-2.256683,0.0640176,-0.06901377,0.6805375,0.7266413,273.7582,348.4146,180.7843
10.18302,1,0,-1.64,0,0,1,0,0,180,0,1.558751,0.8494838,-2.45648,-0.01743375,-0.129742,0.9850115,0.1123185,347.482,183.7289,344.5837,1.355624,0.8288,-2.503921,0.1962911,-0.006728298,0.9799464,0.03360921,356.0715,157.3462,0.0004383221,1.936497,0.7802902,-2.234786,0.1017461,-0.1304647,0.6967916,0.6979313,272.329,262.8201,258.2747,1.836154,0.7825917,-2.256451,0.06403356,-0.06913252,0.6806819,0.7264934,273.7356,348.2429,180.945
10.20532,1,0,-1.64,0,0,1,0,0,180,0,1.559124,0.8497733,-2.45626,-0.01760686,-0.1296859,0.984998,0.1124748,347.4666,183.7508,344.587,1.355312,0.8291065,-2.504306,0.1964117,-0.006418764,0.9799101,0.03401988,356.0323,157.3303,0.04503848,1.936392,0.7802074,-2.234852,0.1016908,-0.1304814,0.6968697,0.6978583,272.3343,262.5156,258.5823,1.836222,0.7825431,-2.256549,0.06399955,-0.06923077,0.6806355,0.7265305,273.7436,348.0887,181.094
10.22761,1,0,-1.64,0,0,1,0,0,180,0,1.559753,0.8500093,-2.455978,-0.01766401,-0.129681,0.9850059,0.1124024,347.4758,183.7561,344.5874,1.356216,0.8290479,-2.503763,0.1959846,-0.006796659,0.9800054,0.03366438,356.0638,157.3822,359.9928,1.936457,0.7802703,-2.23493,0.101764,-0.1305246,0.6969236,0.6977858,272.3313,262.2614,258.827,1.836319,0.7825436,-2.256485,0.06402179,-0.06926486,0.6806724,0.7264907,273.7374,348.061,181.1171
10.24993,1,0,-1.64,0,0,1,0,0,180,0,1.558756,0.8495532,-2.456368,-0.01758658,-0.1298824,0.9849663,0.1125287,347.4609,183.7519,344.5638,1.35584,0.8291912,-2.504176,0.1961007,-0.006714799,0.9799809,0.03371604,356.0598,157.3683,0.003602529,1.936949,0.7806274,-2.234773,0.1018236,-0.1304485,0.6968365,0.6978783,272.321,262.6293,258.4605,1.836396,0.7826248,-2.256529,0.06384288,-0.06945341,0.6807088,0.7264543,273.7351,347.5965,181.5809
10.27175,1,0,-1.64,0,0,1,0,0,180,0,1.557058,0.8486602,-2.456947,-0.01759122,-0.1299737,0.9849241,0.1127912,347.4314,183.758,344.551,1.355647,0.8292726,-2.504322,0.1963378,-0.00645586,0.9799343,0.0337425,356.0626,157.3395,0.03429903,1.937104,0.7806895,-2.23475,0.1017994,-0.1305547,0.696829,0.6978695,272.3316,262.6139,258.4691,1.836193,0.7825962,-2.256431,0.06387049,-0.06946965,0.6807486,0.7264131,273.7285,347.5965,181.5774
10.28337,1,0,-1.64,0,0,1,0,0,180,0,1.55702,0.8486406,-2.456961,-0.01760273,-0.1300036,0.9849204,0.112788,347.432,183.7597,344.5474,1.355682,0.8294191,-2.50428,0.1964412,-0.006097352,0.9799085,0.03395822,356.0465,157.3257,0.07994002,1.936976,0.7806192,-2.234755,0.1018049,-0.1305035,0.6968412,0.697866,272.327,262.5886,258.4982,1.836372,0.7826473,-2.256392,0.06400003,-0.06944308,0.6807281,0.7264234,273.7294,347.7899,181.3756
10.30634,1,0,-1.64,0,0,1,0,0,180,0,1.558197,0.8490672,-2.456598,-0.01759809,-0.1298677,0.9849527,0.1126627,347.4457,183.7553,344.5643,1.355752,0.8294815,-2.504211,0.1967199,-0.005837867,0.979845,0.03421983,356.0229,157.2917,0.1161911,1.937314,0.7807695,-2.234637,0.1018322,-0.1306341,0.6967103,0.6979682,272.3359,263.0378,258.036,1.836233,0.782566,-2.256442,0.06400273,-0.06928979,0.6807665,0.7264018,273.7231,347.9803,181.1974
10.32798,1,0,-1.64,0,0,1,0,0,180,0,1.5591,0.8496168,-2.456172,-0.0175032,-0.1299293,0.9849548,0.1125882,347.453,183.7439,344.5588,1.356079,0.8297458,-2.504029,0.1968508,-0.005412619,0.9798113,0.03450131,356.0009,157.2743,0.1709592,1.93718,0.7807448,-2.234672,0.1017556,-0.1306437,0.6967183,0.6979697,272.3431,263.0201,258.0592,1.835901,0.7823228,-2.25662,0.06394992,-0.06927962,0.6806896,0.7264795,273.736,347.9524,181.2305
10.34067,1,0,-1.64,0,0,1,0,0,180,0,1.559114,0.8496149,-2.45619,-0.01754527,-0.1299017,0.9849579,0.1125866,347.4537,183.7483,344.5616,1.356177,0.8297324,-2.504113,0.1967784,-0.005334859,0.9798294,0.03441224,356.0127,157.2826,0.1773972,1.93711,0.7806674,-2.234652,0.1017774,-0.1305671,0.6967443,0.697955,272.3349,262.9499,258.1339,1.83552,0.7820427,-2.256768,0.06383839,-0.06945196,0.6805856,0.7265702,273.7544,347.629,181.5488
10.36138,1,0,-1.64,0,0,1,0,0,180,0,1.558709,0.8495314,-2.456298,-0.01756059,-0.1297646,0.9849484,0.1128249,347.4263,183.7523,344.5757,1.356865,0.829108,-2.503437,0.1961754,-0.006344402,0.9799679,0.03373322,356.0662,157.3581,0.04598133,1.937052,0.7806992,-2.234762,0.1017433,-0.1305007,0.6966978,0.6980186,272.3326,263.1757,257.9164,1.835601,0.782292,-2.256642,0.06392956,-0.06930529,0.6806869,0.7264814,273.7368,347.896,181.2864
10.38497,1,0,-1.64,0,0,1,0,0,180,0,1.559115,0.8496884,-2.456143,-0.01741721,-0.1294553,0.9849958,0.1127889,347.427,183.7311,344.6142,1.356203,0.8290784,-2.504011,0.1963392,-0.006283506,0.9799328,0.0338113,356.0588,157.3386,0.05525736,1.9369,0.7805112,-2.234721,0.1017768,-0.1305123,0.6967254,0.697984,272.3307,263.0521,258.0363,1.835757,0.782452,-2.256663,0.06376405,-0.06946725,0.680648,0.7265169,273.746,347.5037,181.6789
10.40518,1,0,-1.64,0,0,1,0,0,180,0,1.558488,0.8494797,-2.456529,-0.01754486,-0.1294642,0.9849936,0.1127782,347.4302,183.7458,344.6116,1.355813,0.8293211,-2.504313,0.1965984,-0.006260765,0.9798771,0.03392264,356.0468,157.308,0.06137853,1.9368,0.7803391,-2.234861,0.1018646,-0.1306094,0.6967873,0.6978914,272.3309,262.7362,258.3369,1.835649,0.7823257,-2.256617,0.06388066,-0.06953277,0.68071,0.7264423,273.7344,347.5384,181.6294
10.42743,1,0,-1.64,0,0,1,0,0,180,0,1.558278,0.8496926,-2.456642,-0.01788529,-0.1296024,0.9849436,0.1130018,347.4105,183.7907,344.5895,1.356035,0.8297175,-2.504154,0.1966681,-0.005721899,0.9798565,0.03420892,356.0268,157.2973,0.1287854,1.937025,0.7806233,-2.234787,0.1019375,-0.1306113,0.6968298,0.6978379,272.3249,262.547,258.52,1.835792,0.7824221,-2.256554,0.06386413,-0.06967061,0.6807213,0.7264199,273.7333,347.3378,181.8202
10.44966,1,0,-1.64,0,0,1,0,0,180,0,1.558506,0.8495612,-2.456566,-0.01773333,-0.129584,0.9849569,0.1129318,347.416,183.7717,344.5941,1.356191,0.8291328,-2.503809,0.1964379,-0.006110262,0.9799113,0.03389374,356.0534,157.3263,0.07701614,1.937107,0.7806811,-2.234754,0.1019771,-0.1307103,0.696822,0.6978213,272.3299,262.5195,258.5361,1.835812,0.7822815,-2.256518,0.06380396,-0.06958859,0.6806974,0.7264555,273.7378,347.3798,181.7897
10.47173,1,0,-1.64,0,0,1,0,0,180,0,1.557647,0.8491157,-2.457036,-0.01793663,-0.1298742,0.9848965,0.1130918,347.402,183.8017,344.5562,1.356119,0.8289449,-2.503889,0.1962573,-0.006442792,0.9799467,0.03385454,356.0503,157.3487,0.03797523,1.937624,0.7808095,-2.234338,0.1023023,-0.1307154,0.6968775,0.6977174,272.3034,262.2075,258.8211,1.835791,0.7824808,-2.256607,0.06381669,-0.0694453,0.6807587,0.7264107,273.7276,347.5613,181.6189
10.48477,1,0,-1.64,0,0,1,0,0,180,0,1.558421,0.8491125,-2.456636,-0.01790042,-0.1298547,0.9849036,0.1130589,347.4052,183.7967,344.5592,1.356119,0.8289436,-2.503886,0.196162,-0.006436019,0.9799677,0.03380033,356.0566,157.3599,0.03712989,1.937633,0.7810292,-2.234547,0.1021162,-0.1307939,0.6969079,0.6976995,272.3247,262.0997,258.9376,1.83581,0.7825061,-2.256578,0.06385202,-0.06952585,0.6807535,0.7264047,273.7281,347.5006,181.6702
10.50486,1,0,-1.64,0,0,1,0,0,180,0,1.558471,0.8490847,-2.456673,-0.01789476,-0.1298138,0.984911,0.1130417,347.4069,183.7952,344.5642,1.356241,0.8292562,-2.503959,0.1964394,-0.006207506,0.9799058,0.034023,356.0367,157.3262,0.06899866,1.937566,0.781014,-2.234501,0.1021294,-0.1307777,0.6969441,0.6976645,272.3222,261.9594,259.0782,1.83605,0.782315,-2.256505,0.06389774,-0.0695025,0.6807867,0.7263719,273.722,347.5751,181.5939
10.52734,1,0,-1.64,0,0,1,0,0,180,0,1.557397,0.8488404,-2.456719,-0.0176376,-0.1299167,0.9848972,0.1130847,347.3984,183.7675,344.555,1.356142,0.829326,-2.503952,0.1962278,-0.006341908,0.9799505,0.033933,356.0438,157.3516,0.05098212,1.93745,0.7809677,-2.234649,0.1019877,-0.1307286,0.6969325,0.697706,272.3299,262.0682,258.985,1.835817,0.7823785,-2.256572,0.06402382,-0.06968253,0.680958,0.7261828,273.6937,347.44,181.7041
10.54963,1,0,-1.64,0,0,1,0,0,180,0,1.557348,0.8488325,-2.456739,-0.01767199,-0.129918,0.9848981,0.1130698,347.4006,183.7713,344.5545,1.356235,0.8295212,-2.503937,0.1964047,-0.005961063,0.9799138,0.03403781,356.0406,157.3293,0.09693028,1.937338,0.7809197,-2.23467,0.1019666,-0.1306347,0.6969258,0.6977333,272.3241,262.1449,258.9178,1.835682,0.7821944,-2.256685,0.06393958,-0.06967755,0.6808771,0.7262666,273.7077,347.3708,181.7806
10.57475,1,0,-1.64,0,0,1,0,0,180,0,1.556095,0.8480425,-2.457333,-0.01746876,-0.1297663,0.9849458,0.1128604,347.4208,183.7423,344.5764,1.356128,0.8296353,-2.504057,0.1965125,-0.005761607,0.9798853,0.03426922,356.0191,157.3156,0.125048,1.937214,0.7809137,-2.234742,0.1018766,-0.13065,0.696928,0.6977415,272.3324,262.1539,258.9149,1.835371,0.7818083,-2.256835,0.0639379,-0.06975005,0.6807613,0.7263683,273.726,347.3102,181.8354
